<number of tasks>
16
<number of mated-station>
2
<type of the robots>
4
<limit of the robots>
1 1
2 1
3 1
4 1
<task times>
1 5 6 6 6
2 5 6 6 5
3 2 2 2 2
4 10 8 9 8
5 9 9 7 8
6 4 4 5 3
7 6 6 7 7
8 5 5 4 4
9 5 6 5 6
10 4 4 4 4
11 5 7 7 6
12 5 4 5 6
13 5 6 6 7
14 4 4 3 4
15 3 3 3 3
16 3 4 4 4
<task directions>
1 E
2 E
3 L
4 E
5 R
6 L
7 E
8 E
9 R
10 R
11 E
12 L
13 E
14 E
15 E
16 E
<precedence relations>
1,3
1,4
2,5
3,6
4,7
5,7
6,8
7,8
7,9
7,10
8,11
9,12
9,13
10,13
11,14
11,15
12,15
13,16
<Sequence-dependent setup time between tasks by robots>
1 0.0 0.3 0.4 0.3 0.3 0.1 0.5 0.4 0.3 0.1 0.1 0.3 0.1 0.0 0.2 0.5
1 0.2 0.0 0.0 0.5 0.0 0.3 0.1 0.0 0.2 0.1 0.2 0.1 0.1 0.5 0.2 0.4
1 0.3 0.1 0.0 0.4 0.2 0.1 0.3 0.3 0.2 0.1 0.3 0.4 0.1 0.2 0.2 0.5
1 0.0 0.4 0.1 0.0 0.1 0.5 0.2 0.3 0.3 0.3 0.2 0.5 0.4 0.4 0.4 0.4
1 0.4 0.3 0.0 0.1 0.0 0.3 0.1 0.1 0.1 0.1 0.5 0.1 0.2 0.4 0.4 0.5
1 0.0 0.2 0.3 0.5 0.3 0.0 0.2 0.2 0.1 0.4 0.0 0.2 0.2 0.2 0.1 0.3
1 0.4 0.4 0.0 0.0 0.0 0.1 0.0 0.4 0.2 0.1 0.1 0.4 0.1 0.1 0.5 0.4
1 0.1 0.2 0.2 0.1 0.3 0.1 0.5 0.0 0.2 0.3 0.4 0.0 0.4 0.0 0.3 0.3
1 0.5 0.1 0.5 0.1 0.2 0.1 0.3 0.5 0.0 0.1 0.3 0.0 0.1 0.5 0.3 0.3
1 0.3 0.5 0.3 0.3 0.1 0.2 0.4 0.2 0.2 0.0 0.0 0.3 0.1 0.1 0.3 0.2
1 0.3 0.5 0.1 0.1 0.1 0.2 0.2 0.0 0.1 0.2 0.0 0.3 0.2 0.5 0.0 0.3
1 0.1 0.2 0.1 0.1 0.1 0.5 0.3 0.1 0.1 0.4 0.1 0.0 0.4 0.5 0.2 0.2
1 0.3 0.2 0.4 0.3 0.1 0.3 0.2 0.2 0.1 0.4 0.3 0.4 0.0 0.4 0.3 0.2
1 0.0 0.4 0.2 0.3 0.0 0.3 0.1 0.5 0.2 0.4 0.3 0.1 0.3 0.0 0.5 0.3
1 0.1 0.1 0.1 0.5 0.0 0.2 0.3 0.1 0.3 0.3 0.4 0.1 0.2 0.3 0.0 0.0
1 0.2 0.3 0.1 0.2 0.4 0.3 0.5 0.3 0.3 0.3 0.3 0.2 0.2 0.3 0.4 0.0
2 0.0 0.2 0.1 0.3 0.2 0.0 0.2 0.2 0.1 0.1 0.1 0.2 0.4 0.5 0.1 0.2
2 0.5 0.0 0.5 0.1 0.4 0.2 0.1 0.3 0.4 0.5 0.1 0.0 0.4 0.1 0.2 0.4
2 0.5 0.1 0.0 0.0 0.3 0.0 0.4 0.1 0.2 0.1 0.1 0.3 0.2 0.0 0.4 0.2
2 0.1 0.4 0.1 0.0 0.0 0.3 0.2 0.0 0.3 0.0 0.2 0.4 0.1 0.1 0.3 0.4
2 0.1 0.4 0.5 0.2 0.0 0.3 0.1 0.3 0.3 0.3 0.0 0.3 0.1 0.3 0.2 0.1
2 0.1 0.3 0.1 0.4 0.5 0.0 0.3 0.4 0.2 0.1 0.1 0.5 0.5 0.2 0.4 0.0
2 0.5 0.3 0.3 0.3 0.1 0.2 0.0 0.3 0.1 0.1 0.2 0.4 0.1 0.3 0.4 0.2
2 0.5 0.3 0.0 0.3 0.4 0.5 0.5 0.0 0.1 0.2 0.3 0.1 0.0 0.0 0.4 0.4
2 0.3 0.1 0.3 0.2 0.1 0.3 0.1 0.4 0.0 0.4 0.5 0.0 0.1 0.4 0.3 0.4
2 0.4 0.3 0.1 0.1 0.2 0.1 0.3 0.4 0.0 0.0 0.1 0.3 0.3 0.5 0.5 0.4
2 0.4 0.3 0.4 0.4 0.0 0.2 0.3 0.2 0.3 0.1 0.0 0.2 0.5 0.4 0.5 0.2
2 0.1 0.4 0.0 0.1 0.2 0.1 0.3 0.4 0.1 0.1 0.2 0.0 0.0 0.3 0.3 0.0
2 0.2 0.1 0.2 0.2 0.0 0.1 0.1 0.3 0.3 0.0 0.0 0.3 0.0 0.1 0.1 0.3
2 0.1 0.5 0.3 0.2 0.2 0.0 0.0 0.5 0.4 0.3 0.2 0.0 0.1 0.0 0.2 0.4
2 0.2 0.3 0.0 0.1 0.1 0.3 0.4 0.1 0.5 0.3 0.3 0.1 0.2 0.4 0.0 0.1
2 0.1 0.5 0.0 0.3 0.4 0.0 0.4 0.4 0.0 0.3 0.0 0.3 0.3 0.2 0.3 0.0
3 0.0 0.1 0.2 0.4 0.3 0.2 0.3 0.1 0.4 0.3 0.3 0.5 0.4 0.1 0.1 0.5
3 0.2 0.0 0.3 0.1 0.5 0.3 0.2 0.2 0.0 0.1 0.5 0.1 0.0 0.2 0.0 0.5
3 0.2 0.3 0.0 0.3 0.5 0.1 0.2 0.5 0.4 0.2 0.4 0.1 0.2 0.3 0.0 0.1
3 0.0 0.0 0.4 0.0 0.4 0.0 0.0 0.3 0.3 0.1 0.2 0.4 0.3 0.2 0.0 0.1
3 0.2 0.1 0.2 0.3 0.0 0.2 0.0 0.3 0.0 0.1 0.4 0.5 0.4 0.3 0.1 0.1
3 0.4 0.0 0.4 0.2 0.1 0.0 0.2 0.4 0.5 0.3 0.3 0.3 0.3 0.1 0.2 0.1
3 0.0 0.2 0.3 0.2 0.3 0.5 0.0 0.1 0.1 0.0 0.1 0.1 0.5 0.0 0.0 0.3
3 0.5 0.4 0.1 0.2 0.1 0.2 0.1 0.0 0.5 0.4 0.3 0.3 0.1 0.4 0.4 0.4
3 0.3 0.1 0.2 0.1 0.1 0.2 0.2 0.3 0.0 0.1 0.0 0.5 0.3 0.3 0.3 0.1
3 0.2 0.1 0.0 0.5 0.4 0.1 0.4 0.2 0.1 0.0 0.2 0.2 0.1 0.0 0.3 0.2
3 0.2 0.3 0.3 0.2 0.1 0.3 0.2 0.2 0.3 0.0 0.0 0.5 0.5 0.5 0.4 0.2
3 0.2 0.3 0.1 0.0 0.4 0.3 0.4 0.5 0.1 0.4 0.4 0.0 0.5 0.1 0.3 0.0
3 0.1 0.5 0.1 0.5 0.3 0.1 0.4 0.2 0.3 0.3 0.1 0.1 0.0 0.5 0.4 0.2
3 0.3 0.1 0.3 0.1 0.1 0.3 0.2 0.1 0.2 0.1 0.0 0.3 0.1 0.0 0.1 0.1
3 0.5 0.3 0.3 0.2 0.4 0.1 0.5 0.1 0.4 0.3 0.2 0.2 0.1 0.3 0.0 0.5
3 0.0 0.3 0.3 0.4 0.4 0.3 0.2 0.2 0.2 0.4 0.2 0.3 0.1 0.2 0.3 0.0
4 0.0 0.1 0.3 0.1 0.1 0.3 0.2 0.2 0.3 0.2 0.5 0.1 0.3 0.2 0.1 0.1
4 0.0 0.0 0.1 0.1 0.3 0.1 0.1 0.0 0.4 0.3 0.3 0.3 0.1 0.3 0.1 0.1
4 0.1 0.1 0.0 0.3 0.1 0.4 0.3 0.3 0.4 0.4 0.0 0.2 0.1 0.2 0.5 0.3
4 0.1 0.1 0.4 0.0 0.2 0.4 0.3 0.3 0.0 0.4 0.1 0.2 0.5 0.1 0.1 0.1
4 0.4 0.0 0.1 0.1 0.0 0.0 0.1 0.1 0.1 0.4 0.1 0.3 0.1 0.3 0.1 0.0
4 0.3 0.1 0.1 0.3 0.5 0.0 0.4 0.0 0.1 0.4 0.4 0.0 0.3 0.3 0.5 0.3
4 0.4 0.1 0.3 0.1 0.1 0.0 0.0 0.5 0.2 0.4 0.0 0.1 0.4 0.4 0.3 0.1
4 0.2 0.1 0.0 0.1 0.1 0.1 0.2 0.0 0.3 0.0 0.2 0.1 0.5 0.1 0.1 0.2
4 0.2 0.4 0.0 0.3 0.4 0.0 0.2 0.5 0.0 0.4 0.4 0.0 0.4 0.2 0.1 0.4
4 0.0 0.0 0.3 0.3 0.0 0.2 0.2 0.1 0.3 0.0 0.3 0.5 0.1 0.2 0.3 0.3
4 0.3 0.5 0.0 0.5 0.4 0.3 0.1 0.3 0.4 0.4 0.0 0.3 0.5 0.3 0.3 0.5
4 0.3 0.3 0.0 0.4 0.1 0.0 0.0 0.1 0.5 0.0 0.1 0.0 0.2 0.5 0.3 0.0
4 0.1 0.1 0.5 0.3 0.3 0.2 0.0 0.5 0.4 0.2 0.1 0.4 0.0 0.1 0.2 0.5
4 0.3 0.3 0.4 0.4 0.2 0.1 0.3 0.3 0.1 0.3 0.4 0.3 0.1 0.0 0.1 0.1
4 0.5 0.0 0.2 0.3 0.3 0.1 0.1 0.4 0.4 0.0 0.0 0.4 0.3 0.5 0.0 0.3
4 0.4 0.4 0.3 0.5 0.5 0.1 0.2 0.2 0.0 0.1 0.4 0.1 0.1 0.3 0.1 0.0
<robot setup times>
1 0.0 0.1 0.4 0.1
2 0.5 0.3 0.4 0.3
3 0.1 0.5 0.2 0.2
4 0.1 0.0 0.4 0.4
5 0.1 0.3 0.3 0.3
6 0.3 0.3 0.3 0.2
7 0.5 0.0 0.1 0.4
8 0.5 0.5 0.3 0.5
9 0.4 0.3 0.2 0.1
10 0.5 0.1 0.2 0.2
11 0.1 0.1 0.5 0.0
12 0.2 0.4 0.2 0.3
13 0.4 0.2 0.4 0.4
14 0.4 0.1 0.2 0.4
15 0.4 0.0 0.1 0.1
16 0.3 0.1 0.3 0.4
<end>