<number of tasks>
24
<number of mated-station>
2
<type of the robots>
4
<limit of the robots>
1 1
2 1
3 1
4 1
<task times>
1 3 3 3 3
2 8 8 8 7
3 8 6 7 6
4 6 5 5 4
5 4 5 4 4
6 3 3 3 3
7 3 4 4 4
8 3 3 3 3
9 6 7 6 7
10 4 4 4 4
11 4 5 4 4
12 3 3 3 3
13 3 3 3 3
14 8 8 7 8
15 4 5 6 5
16 8 10 9 9
17 2 2 2 2
18 8 7 8 8
19 11 10 8 10
20 10 10 8 10
21 9 7 7 9
22 9 9 7 9
23 9 9 8 8
24 8 10 9 9
<task directions>
1 L
2 L
3 R
4 R
5 L
6 E
7 R
8 E
9 E
10 E
11 L
12 L
13 E
14 R
15 R
16 L
17 E
18 E
19 E
20 R
21 L
22 E
23 R
24 E
<precedence relations>
1,11
2,5
2,6
3,6
3,7
4,15
5,8
6,9
7,10
8,12
9,12
9,13
9,14
10,14
11,16
12,17
13,18
13,19
14,19
15,20
16,21
17,21
18,22
19,23
20,23
20,24
<Sequence-dependent setup time between tasks by robots>
1 0.0 0.3 0.2 0.2 0.1 0.0 0.2 0.1 0.3 0.0 0.4 0.4 0.3 0.3 0.0 0.1 0.4 0.3 0.1 0.4 0.5 0.2 0.2 0.2
1 0.3 0.0 0.2 0.0 0.1 0.3 0.3 0.5 0.1 0.4 0.1 0.2 0.1 0.4 0.3 0.3 0.2 0.5 0.4 0.4 0.4 0.3 0.4 0.5
1 0.3 0.5 0.0 0.2 0.3 0.1 0.1 0.5 0.3 0.3 0.2 0.1 0.5 0.1 0.3 0.1 0.5 0.3 0.0 0.5 0.1 0.2 0.2 0.1
1 0.4 0.3 0.3 0.0 0.1 0.4 0.0 0.4 0.0 0.4 0.5 0.3 0.0 0.2 0.0 0.3 0.3 0.3 0.5 0.3 0.4 0.4 0.1 0.0
1 0.4 0.3 0.1 0.3 0.0 0.4 0.0 0.5 0.2 0.3 0.0 0.4 0.1 0.1 0.4 0.2 0.4 0.1 0.1 0.3 0.3 0.1 0.4 0.1
1 0.1 0.3 0.3 0.5 0.4 0.0 0.1 0.3 0.2 0.3 0.0 0.2 0.2 0.3 0.1 0.3 0.2 0.3 0.5 0.3 0.2 0.0 0.3 0.0
1 0.5 0.4 0.1 0.0 0.1 0.3 0.0 0.1 0.1 0.1 0.3 0.1 0.1 0.4 0.2 0.3 0.1 0.4 0.4 0.0 0.1 0.1 0.2 0.1
1 0.5 0.1 0.0 0.5 0.0 0.3 0.2 0.0 0.0 0.0 0.2 0.0 0.3 0.5 0.1 0.2 0.3 0.2 0.0 0.1 0.1 0.1 0.3 0.4
1 0.1 0.3 0.1 0.4 0.1 0.5 0.2 0.1 0.0 0.3 0.3 0.3 0.3 0.1 0.3 0.5 0.1 0.3 0.2 0.5 0.3 0.3 0.2 0.1
1 0.3 0.2 0.4 0.3 0.2 0.1 0.1 0.3 0.0 0.0 0.3 0.1 0.3 0.5 0.4 0.3 0.3 0.3 0.2 0.0 0.2 0.4 0.3 0.4
1 0.0 0.3 0.0 0.3 0.2 0.3 0.1 0.0 0.1 0.1 0.0 0.1 0.2 0.2 0.1 0.1 0.1 0.1 0.2 0.2 0.1 0.2 0.3 0.2
1 0.3 0.0 0.3 0.5 0.1 0.4 0.4 0.1 0.4 0.1 0.4 0.0 0.5 0.1 0.4 0.1 0.1 0.2 0.4 0.2 0.1 0.1 0.2 0.3
1 0.3 0.3 0.1 0.2 0.1 0.3 0.3 0.0 0.2 0.2 0.3 0.2 0.0 0.3 0.3 0.3 0.4 0.5 0.2 0.3 0.4 0.0 0.1 0.3
1 0.0 0.3 0.5 0.4 0.3 0.5 0.2 0.4 0.4 0.3 0.2 0.3 0.1 0.0 0.3 0.4 0.4 0.5 0.1 0.2 0.1 0.2 0.1 0.3
1 0.0 0.3 0.5 0.3 0.0 0.3 0.1 0.0 0.2 0.1 0.1 0.3 0.3 0.4 0.0 0.4 0.0 0.3 0.1 0.0 0.1 0.1 0.3 0.3
1 0.4 0.0 0.1 0.3 0.2 0.0 0.3 0.2 0.2 0.1 0.0 0.3 0.3 0.3 0.3 0.0 0.3 0.3 0.3 0.2 0.4 0.0 0.4 0.3
1 0.3 0.3 0.5 0.2 0.4 0.1 0.3 0.4 0.5 0.1 0.3 0.3 0.2 0.1 0.4 0.4 0.0 0.4 0.0 0.0 0.1 0.3 0.3 0.3
1 0.1 0.4 0.1 0.2 0.3 0.3 0.5 0.0 0.3 0.1 0.0 0.5 0.5 0.3 0.2 0.0 0.0 0.0 0.3 0.0 0.3 0.5 0.3 0.0
1 0.2 0.5 0.4 0.1 0.3 0.4 0.2 0.2 0.3 0.3 0.5 0.2 0.1 0.0 0.3 0.1 0.4 0.5 0.0 0.4 0.1 0.4 0.2 0.1
1 0.1 0.5 0.2 0.3 0.2 0.2 0.1 0.0 0.4 0.5 0.2 0.5 0.5 0.2 0.2 0.5 0.3 0.3 0.1 0.0 0.3 0.1 0.0 0.0
1 0.5 0.2 0.1 0.0 0.1 0.2 0.1 0.3 0.3 0.1 0.1 0.1 0.3 0.1 0.5 0.3 0.1 0.1 0.2 0.1 0.0 0.1 0.2 0.4
1 0.0 0.4 0.1 0.1 0.0 0.3 0.1 0.0 0.3 0.3 0.4 0.2 0.1 0.5 0.2 0.1 0.0 0.3 0.3 0.4 0.5 0.0 0.2 0.3
1 0.2 0.3 0.4 0.3 0.0 0.1 0.3 0.3 0.1 0.1 0.5 0.5 0.1 0.2 0.0 0.2 0.4 0.2 0.3 0.1 0.3 0.0 0.0 0.2
1 0.2 0.3 0.5 0.3 0.3 0.1 0.3 0.0 0.1 0.1 0.5 0.4 0.3 0.1 0.1 0.2 0.3 0.3 0.1 0.2 0.2 0.0 0.4 0.0
2 0.0 0.1 0.3 0.5 0.0 0.1 0.4 0.5 0.4 0.3 0.2 0.5 0.3 0.2 0.3 0.2 0.4 0.0 0.3 0.2 0.1 0.1 0.3 0.3
2 0.3 0.0 0.1 0.2 0.5 0.5 0.3 0.3 0.1 0.5 0.3 0.3 0.3 0.5 0.3 0.3 0.5 0.1 0.3 0.5 0.1 0.1 0.4 0.2
2 0.0 0.1 0.0 0.3 0.2 0.3 0.3 0.0 0.0 0.1 0.1 0.1 0.2 0.1 0.5 0.0 0.4 0.4 0.1 0.1 0.2 0.1 0.3 0.2
2 0.4 0.3 0.0 0.0 0.3 0.2 0.3 0.1 0.2 0.4 0.2 0.2 0.1 0.4 0.2 0.2 0.2 0.3 0.3 0.1 0.3 0.3 0.1 0.0
2 0.4 0.4 0.1 0.4 0.0 0.2 0.4 0.2 0.4 0.2 0.3 0.2 0.1 0.4 0.0 0.3 0.4 0.3 0.2 0.3 0.3 0.3 0.3 0.2
2 0.5 0.4 0.2 0.1 0.0 0.0 0.1 0.1 0.2 0.2 0.2 0.2 0.2 0.2 0.2 0.0 0.3 0.4 0.4 0.4 0.3 0.4 0.0 0.3
2 0.3 0.3 0.5 0.3 0.5 0.3 0.0 0.1 0.3 0.3 0.3 0.1 0.1 0.2 0.1 0.4 0.1 0.1 0.1 0.1 0.2 0.0 0.3 0.2
2 0.2 0.1 0.2 0.3 0.0 0.3 0.4 0.0 0.1 0.1 0.5 0.3 0.2 0.3 0.1 0.5 0.5 0.1 0.5 0.0 0.5 0.5 0.3 0.1
2 0.3 0.1 0.0 0.4 0.5 0.4 0.1 0.5 0.0 0.2 0.1 0.4 0.1 0.2 0.1 0.4 0.2 0.5 0.4 0.2 0.5 0.1 0.4 0.0
2 0.0 0.1 0.3 0.5 0.4 0.0 0.1 0.1 0.2 0.0 0.4 0.1 0.0 0.3 0.5 0.3 0.3 0.2 0.2 0.1 0.2 0.4 0.4 0.1
2 0.3 0.2 0.4 0.5 0.0 0.3 0.3 0.1 0.1 0.4 0.0 0.3 0.4 0.1 0.2 0.1 0.3 0.5 0.2 0.4 0.0 0.3 0.2 0.3
2 0.3 0.1 0.0 0.5 0.3 0.4 0.2 0.3 0.4 0.5 0.0 0.0 0.1 0.3 0.1 0.1 0.1 0.2 0.5 0.4 0.5 0.2 0.1 0.3
2 0.1 0.1 0.2 0.0 0.3 0.1 0.2 0.0 0.5 0.1 0.3 0.3 0.0 0.3 0.4 0.5 0.5 0.5 0.1 0.3 0.5 0.3 0.2 0.3
2 0.5 0.3 0.3 0.0 0.4 0.4 0.2 0.2 0.1 0.5 0.2 0.1 0.2 0.0 0.1 0.4 0.2 0.3 0.5 0.5 0.5 0.3 0.2 0.1
2 0.3 0.1 0.5 0.1 0.1 0.3 0.4 0.0 0.4 0.3 0.4 0.1 0.4 0.2 0.0 0.2 0.2 0.4 0.0 0.3 0.1 0.5 0.0 0.3
2 0.5 0.3 0.3 0.5 0.0 0.1 0.2 0.2 0.2 0.1 0.2 0.2 0.3 0.2 0.3 0.0 0.1 0.4 0.3 0.3 0.2 0.2 0.1 0.3
2 0.0 0.0 0.3 0.2 0.3 0.3 0.0 0.4 0.3 0.3 0.4 0.1 0.0 0.1 0.2 0.3 0.0 0.2 0.2 0.1 0.3 0.2 0.4 0.1
2 0.3 0.1 0.3 0.3 0.5 0.3 0.3 0.0 0.3 0.3 0.3 0.4 0.3 0.0 0.2 0.1 0.1 0.0 0.1 0.1 0.2 0.2 0.3 0.1
2 0.5 0.1 0.0 0.4 0.1 0.3 0.0 0.0 0.5 0.4 0.4 0.5 0.1 0.3 0.5 0.1 0.2 0.1 0.0 0.1 0.3 0.1 0.5 0.1
2 0.0 0.1 0.1 0.0 0.1 0.1 0.3 0.4 0.4 0.0 0.2 0.0 0.4 0.3 0.5 0.1 0.0 0.0 0.1 0.0 0.3 0.5 0.2 0.0
2 0.1 0.0 0.4 0.3 0.3 0.0 0.3 0.0 0.4 0.2 0.3 0.3 0.1 0.3 0.1 0.3 0.1 0.2 0.0 0.3 0.0 0.2 0.1 0.1
2 0.2 0.1 0.3 0.4 0.5 0.0 0.1 0.1 0.0 0.2 0.0 0.3 0.2 0.3 0.3 0.1 0.3 0.2 0.1 0.3 0.3 0.0 0.4 0.3
2 0.2 0.2 0.3 0.3 0.3 0.3 0.3 0.1 0.4 0.1 0.2 0.2 0.4 0.2 0.1 0.3 0.1 0.5 0.2 0.4 0.1 0.2 0.0 0.0
2 0.3 0.1 0.1 0.0 0.1 0.5 0.3 0.3 0.3 0.3 0.4 0.4 0.3 0.2 0.4 0.4 0.3 0.1 0.4 0.0 0.1 0.0 0.4 0.0
3 0.0 0.1 0.2 0.4 0.1 0.1 0.2 0.2 0.0 0.3 0.1 0.2 0.3 0.4 0.1 0.3 0.3 0.4 0.1 0.4 0.3 0.3 0.4 0.1
3 0.5 0.0 0.4 0.2 0.4 0.3 0.4 0.1 0.4 0.1 0.5 0.3 0.1 0.1 0.4 0.5 0.4 0.1 0.3 0.1 0.3 0.1 0.1 0.3
3 0.2 0.0 0.0 0.3 0.1 0.1 0.4 0.4 0.1 0.2 0.4 0.3 0.2 0.2 0.0 0.5 0.4 0.4 0.4 0.5 0.1 0.0 0.2 0.4
3 0.1 0.3 0.1 0.0 0.3 0.1 0.1 0.2 0.0 0.5 0.4 0.3 0.1 0.2 0.1 0.3 0.1 0.3 0.4 0.0 0.0 0.1 0.3 0.2
3 0.5 0.3 0.2 0.3 0.0 0.2 0.3 0.3 0.4 0.5 0.3 0.2 0.4 0.1 0.5 0.0 0.1 0.2 0.2 0.1 0.3 0.2 0.5 0.5
3 0.5 0.2 0.1 0.5 0.0 0.0 0.4 0.3 0.1 0.4 0.2 0.1 0.3 0.0 0.4 0.4 0.1 0.1 0.4 0.3 0.1 0.1 0.1 0.1
3 0.3 0.3 0.1 0.1 0.0 0.1 0.0 0.4 0.0 0.1 0.3 0.1 0.1 0.3 0.2 0.2 0.1 0.3 0.1 0.5 0.0 0.4 0.2 0.3
3 0.1 0.2 0.1 0.4 0.5 0.1 0.5 0.0 0.0 0.3 0.3 0.1 0.5 0.1 0.3 0.1 0.3 0.3 0.1 0.5 0.3 0.1 0.4 0.2
3 0.5 0.1 0.4 0.5 0.1 0.2 0.1 0.1 0.0 0.3 0.1 0.0 0.3 0.3 0.5 0.2 0.3 0.3 0.4 0.1 0.3 0.1 0.1 0.0
3 0.0 0.1 0.4 0.3 0.2 0.1 0.3 0.3 0.1 0.0 0.0 0.4 0.2 0.1 0.1 0.1 0.3 0.4 0.3 0.4 0.3 0.3 0.2 0.1
3 0.3 0.2 0.0 0.0 0.1 0.3 0.2 0.3 0.5 0.4 0.0 0.3 0.3 0.3 0.4 0.1 0.5 0.3 0.3 0.1 0.2 0.1 0.3 0.1
3 0.2 0.3 0.1 0.1 0.1 0.1 0.1 0.4 0.4 0.5 0.2 0.0 0.3 0.1 0.3 0.3 0.2 0.3 0.4 0.1 0.1 0.4 0.4 0.3
3 0.1 0.0 0.3 0.2 0.2 0.3 0.3 0.5 0.3 0.0 0.2 0.0 0.0 0.0 0.3 0.1 0.3 0.1 0.4 0.4 0.4 0.3 0.3 0.3
3 0.3 0.5 0.1 0.3 0.1 0.5 0.3 0.4 0.0 0.1 0.0 0.5 0.1 0.0 0.2 0.4 0.2 0.3 0.4 0.4 0.1 0.1 0.5 0.3
3 0.0 0.5 0.1 0.1 0.4 0.3 0.0 0.5 0.1 0.4 0.3 0.4 0.4 0.1 0.0 0.2 0.4 0.1 0.3 0.1 0.3 0.4 0.1 0.1
3 0.5 0.3 0.4 0.0 0.3 0.4 0.1 0.3 0.1 0.0 0.2 0.1 0.4 0.0 0.4 0.0 0.2 0.5 0.1 0.1 0.2 0.0 0.3 0.4
3 0.1 0.3 0.2 0.3 0.4 0.3 0.5 0.2 0.3 0.3 0.1 0.4 0.5 0.4 0.2 0.1 0.0 0.0 0.1 0.0 0.2 0.2 0.0 0.1
3 0.1 0.2 0.1 0.4 0.3 0.3 0.5 0.1 0.4 0.5 0.1 0.1 0.1 0.4 0.0 0.3 0.0 0.0 0.5 0.0 0.5 0.1 0.1 0.1
3 0.3 0.3 0.5 0.3 0.4 0.1 0.2 0.0 0.0 0.0 0.0 0.1 0.2 0.1 0.1 0.3 0.5 0.5 0.0 0.3 0.1 0.1 0.5 0.5
3 0.4 0.3 0.5 0.3 0.1 0.2 0.3 0.2 0.0 0.4 0.1 0.5 0.1 0.3 0.3 0.1 0.2 0.5 0.2 0.0 0.1 0.1 0.5 0.1
3 0.4 0.5 0.1 0.1 0.1 0.1 0.1 0.3 0.4 0.1 0.3 0.5 0.5 0.1 0.0 0.1 0.2 0.3 0.4 0.1 0.0 0.3 0.0 0.3
3 0.1 0.3 0.1 0.3 0.2 0.1 0.4 0.2 0.1 0.3 0.3 0.3 0.3 0.4 0.1 0.4 0.4 0.4 0.1 0.1 0.5 0.0 0.3 0.0
3 0.4 0.3 0.4 0.1 0.3 0.3 0.2 0.3 0.5 0.5 0.5 0.1 0.4 0.3 0.0 0.5 0.4 0.3 0.4 0.5 0.5 0.1 0.0 0.1
3 0.3 0.2 0.4 0.3 0.1 0.4 0.2 0.3 0.2 0.3 0.3 0.3 0.0 0.0 0.0 0.5 0.4 0.1 0.2 0.3 0.1 0.4 0.2 0.0
4 0.0 0.5 0.3 0.5 0.0 0.3 0.1 0.1 0.3 0.0 0.5 0.1 0.5 0.0 0.3 0.0 0.3 0.4 0.5 0.5 0.3 0.0 0.1 0.2
4 0.3 0.0 0.4 0.0 0.5 0.4 0.2 0.1 0.3 0.5 0.5 0.3 0.4 0.3 0.2 0.4 0.4 0.3 0.4 0.1 0.4 0.3 0.5 0.3
4 0.2 0.3 0.0 0.0 0.3 0.5 0.0 0.5 0.1 0.3 0.0 0.4 0.3 0.0 0.3 0.4 0.2 0.2 0.4 0.0 0.0 0.5 0.1 0.1
4 0.3 0.3 0.5 0.0 0.0 0.2 0.3 0.4 0.3 0.1 0.1 0.2 0.1 0.1 0.3 0.1 0.3 0.2 0.0 0.1 0.5 0.2 0.2 0.3
4 0.4 0.1 0.3 0.4 0.0 0.1 0.4 0.4 0.2 0.5 0.2 0.0 0.3 0.1 0.1 0.4 0.1 0.4 0.0 0.2 0.4 0.2 0.0 0.5
4 0.3 0.2 0.5 0.5 0.1 0.0 0.0 0.0 0.0 0.2 0.5 0.4 0.0 0.4 0.2 0.2 0.2 0.5 0.3 0.5 0.3 0.2 0.2 0.2
4 0.3 0.1 0.1 0.3 0.2 0.2 0.0 0.1 0.5 0.3 0.1 0.3 0.5 0.3 0.4 0.1 0.3 0.1 0.1 0.5 0.3 0.5 0.1 0.3
4 0.1 0.2 0.4 0.3 0.2 0.3 0.0 0.0 0.0 0.4 0.3 0.1 0.1 0.2 0.1 0.0 0.1 0.1 0.3 0.3 0.2 0.3 0.4 0.3
4 0.5 0.0 0.3 0.3 0.3 0.1 0.1 0.3 0.0 0.1 0.1 0.4 0.4 0.1 0.1 0.3 0.1 0.0 0.3 0.5 0.3 0.3 0.1 0.1
4 0.1 0.0 0.2 0.2 0.0 0.3 0.2 0.0 0.2 0.0 0.0 0.2 0.1 0.3 0.0 0.4 0.1 0.2 0.2 0.5 0.1 0.3 0.5 0.3
4 0.3 0.3 0.0 0.1 0.4 0.1 0.2 0.1 0.3 0.3 0.0 0.2 0.1 0.1 0.4 0.5 0.4 0.3 0.2 0.3 0.5 0.2 0.5 0.1
4 0.2 0.1 0.1 0.1 0.1 0.1 0.0 0.5 0.2 0.1 0.4 0.0 0.3 0.3 0.0 0.2 0.3 0.1 0.1 0.5 0.4 0.5 0.3 0.3
4 0.1 0.3 0.4 0.4 0.3 0.2 0.2 0.3 0.3 0.5 0.0 0.1 0.0 0.3 0.4 0.2 0.0 0.1 0.4 0.3 0.2 0.3 0.3 0.2
4 0.3 0.2 0.1 0.0 0.3 0.5 0.2 0.1 0.0 0.4 0.3 0.5 0.4 0.0 0.1 0.2 0.3 0.5 0.1 0.5 0.4 0.2 0.2 0.2
4 0.2 0.4 0.3 0.3 0.3 0.5 0.2 0.3 0.2 0.3 0.0 0.3 0.0 0.5 0.0 0.2 0.4 0.5 0.1 0.2 0.5 0.1 0.4 0.4
4 0.2 0.1 0.1 0.3 0.1 0.4 0.0 0.3 0.0 0.2 0.5 0.1 0.3 0.4 0.3 0.0 0.3 0.3 0.1 0.0 0.1 0.3 0.3 0.1
4 0.0 0.5 0.1 0.3 0.3 0.3 0.5 0.1 0.3 0.1 0.1 0.2 0.0 0.1 0.1 0.4 0.0 0.1 0.2 0.4 0.3 0.2 0.4 0.0
4 0.3 0.4 0.2 0.4 0.1 0.3 0.4 0.0 0.4 0.3 0.1 0.3 0.2 0.0 0.4 0.3 0.5 0.0 0.3 0.3 0.4 0.1 0.1 0.1
4 0.4 0.4 0.0 0.2 0.4 0.2 0.3 0.5 0.4 0.4 0.3 0.1 0.4 0.2 0.1 0.1 0.4 0.1 0.0 0.0 0.3 0.0 0.3 0.1
4 0.3 0.2 0.1 0.4 0.0 0.1 0.4 0.4 0.0 0.1 0.4 0.0 0.4 0.5 0.2 0.3 0.2 0.5 0.1 0.0 0.3 0.3 0.2 0.1
4 0.2 0.4 0.5 0.0 0.1 0.4 0.2 0.4 0.1 0.1 0.1 0.3 0.3 0.3 0.2 0.3 0.4 0.1 0.2 0.4 0.0 0.5 0.3 0.1
4 0.1 0.5 0.0 0.3 0.2 0.1 0.4 0.3 0.3 0.5 0.2 0.2 0.2 0.3 0.3 0.3 0.4 0.2 0.2 0.2 0.0 0.0 0.3 0.1
4 0.1 0.5 0.2 0.5 0.0 0.1 0.3 0.2 0.4 0.1 0.1 0.1 0.3 0.1 0.4 0.1 0.5 0.1 0.3 0.4 0.2 0.1 0.0 0.1
4 0.1 0.3 0.1 0.1 0.0 0.1 0.0 0.3 0.2 0.1 0.1 0.0 0.1 0.0 0.3 0.0 0.4 0.3 0.4 0.3 0.4 0.3 0.2 0.0
<robot setup times>
1 0.4 0.1 0.1 0.3
2 0.3 0.3 0.2 0.1
3 0.5 0.2 0.4 0.2
4 0.4 0.1 0.3 0.0
5 0.2 0.2 0.0 0.2
6 0.4 0.3 0.4 0.5
7 0.4 0.4 0.2 0.1
8 0.1 0.2 0.2 0.3
9 0.3 0.3 0.0 0.0
10 0.2 0.3 0.4 0.0
11 0.1 0.3 0.0 0.1
12 0.1 0.3 0.3 0.4
13 0.2 0.2 0.2 0.2
14 0.3 0.4 0.0 0.1
15 0.4 0.1 0.5 0.0
16 0.4 0.1 0.2 0.0
17 0.4 0.1 0.2 0.3
18 0.0 0.2 0.3 0.1
19 0.3 0.0 0.1 0.5
20 0.4 0.5 0.2 0.1
21 0.3 0.5 0.1 0.5
22 0.1 0.2 0.3 0.1
23 0.1 0.3 0.3 0.3
24 0.4 0.2 0.3 0.2
<end>