<number of tasks>
24
<number of mated-station>
5
<type of the robots>
10
<limit of the robots>
1 1
2 1
3 1
4 1
5 1
6 1
7 1
8 1
9 1
10 1
<task times>
1 3 3 3 3 3 3 3 3 3 3
2 7 6 8 6 7 6 8 8 6 7
3 6 7 8 6 6 6 7 7 8 8
4 5 5 5 6 5 6 5 5 5 5
5 4 5 4 4 4 4 4 5 3 4
6 3 3 3 3 3 3 3 3 3 3
7 3 4 4 4 3 4 4 4 4 4
8 3 3 3 3 3 3 3 3 3 3
9 7 5 5 7 6 7 5 7 6 6
10 4 4 4 4 4 4 3 4 4 4
11 4 4 4 4 4 4 4 4 5 4
12 3 3 3 3 3 3 3 3 3 3
13 3 3 3 3 3 3 3 3 3 3
14 10 8 8 9 9 10 10 9 9 10
15 6 4 6 5 5 5 4 5 4 5
16 9 8 10 8 8 8 8 8 10 9
17 2 2 2 2 2 2 2 2 2 2
18 7 8 7 8 6 6 8 8 8 6
19 8 8 7 9 9 11 10 10 9 8
20 10 10 8 9 9 9 9 9 10 9
21 8 9 9 8 7 7 7 9 9 8
22 8 9 8 7 9 7 9 7 9 8
23 9 9 8 9 10 8 9 9 8 10
24 10 10 10 8 7 10 8 10 9 8
<task directions>
1 L
2 L
3 R
4 R
5 L
6 E
7 R
8 E
9 E
10 E
11 L
12 L
13 E
14 R
15 R
16 L
17 E
18 E
19 E
20 R
21 L
22 E
23 R
24 E
<precedence relations>
1,11
2,5
2,6
3,6
3,7
4,15
5,8
6,9
7,10
8,12
9,12
9,13
9,14
10,14
11,16
12,17
13,18
13,19
14,19
15,20
16,21
17,21
18,22
19,23
20,23
20,24
<Sequence-dependent setup time between tasks by robots>
1 0.0 0.1 0.4 0.2 0.5 0.1 0.4 0.3 0.1 0.0 0.2 0.1 0.4 0.4 0.3 0.3 0.5 0.4 0.0 0.4 0.2 0.3 0.2 0.1
1 0.3 0.0 0.1 0.3 0.1 0.3 0.2 0.5 0.2 0.3 0.2 0.1 0.1 0.1 0.3 0.5 0.0 0.1 0.1 0.5 0.2 0.4 0.3 0.1
1 0.1 0.3 0.0 0.1 0.1 0.4 0.3 0.5 0.1 0.4 0.2 0.2 0.1 0.0 0.2 0.5 0.2 0.0 0.2 0.3 0.3 0.3 0.3 0.3
1 0.3 0.3 0.3 0.0 0.3 0.1 0.3 0.3 0.4 0.4 0.2 0.4 0.3 0.3 0.5 0.4 0.3 0.1 0.4 0.1 0.1 0.2 0.1 0.3
1 0.1 0.4 0.1 0.3 0.0 0.0 0.1 0.5 0.4 0.1 0.1 0.3 0.1 0.2 0.3 0.1 0.2 0.1 0.4 0.4 0.1 0.0 0.1 0.4
1 0.3 0.3 0.0 0.3 0.5 0.0 0.0 0.1 0.3 0.3 0.0 0.3 0.3 0.2 0.1 0.4 0.3 0.5 0.2 0.3 0.4 0.1 0.1 0.3
1 0.0 0.3 0.4 0.1 0.0 0.3 0.0 0.3 0.1 0.5 0.3 0.5 0.4 0.4 0.3 0.2 0.4 0.1 0.4 0.2 0.3 0.3 0.4 0.0
1 0.4 0.4 0.3 0.1 0.4 0.3 0.4 0.0 0.3 0.0 0.5 0.3 0.0 0.1 0.4 0.5 0.1 0.3 0.1 0.3 0.3 0.1 0.3 0.3
1 0.4 0.2 0.4 0.5 0.0 0.5 0.0 0.2 0.0 0.2 0.4 0.2 0.0 0.3 0.1 0.1 0.4 0.1 0.4 0.1 0.4 0.1 0.5 0.3
1 0.4 0.1 0.1 0.1 0.1 0.5 0.0 0.3 0.4 0.0 0.0 0.5 0.3 0.1 0.4 0.1 0.0 0.1 0.3 0.2 0.4 0.2 0.5 0.2
1 0.1 0.5 0.2 0.1 0.2 0.5 0.0 0.2 0.5 0.0 0.0 0.4 0.0 0.4 0.3 0.0 0.1 0.1 0.1 0.1 0.0 0.4 0.3 0.0
1 0.5 0.5 0.3 0.1 0.5 0.5 0.3 0.3 0.1 0.4 0.0 0.0 0.1 0.4 0.4 0.3 0.2 0.3 0.4 0.3 0.2 0.2 0.1 0.2
1 0.3 0.2 0.1 0.1 0.4 0.2 0.5 0.3 0.3 0.2 0.5 0.0 0.0 0.1 0.3 0.1 0.2 0.1 0.3 0.2 0.3 0.1 0.5 0.0
1 0.3 0.1 0.3 0.4 0.4 0.5 0.0 0.3 0.1 0.3 0.3 0.2 0.1 0.0 0.4 0.3 0.1 0.1 0.4 0.3 0.5 0.3 0.5 0.2
1 0.0 0.2 0.5 0.4 0.3 0.2 0.3 0.0 0.3 0.2 0.2 0.5 0.0 0.5 0.0 0.1 0.1 0.1 0.0 0.3 0.2 0.5 0.0 0.3
1 0.1 0.0 0.2 0.0 0.4 0.2 0.0 0.4 0.3 0.5 0.2 0.3 0.3 0.0 0.0 0.0 0.4 0.1 0.5 0.2 0.5 0.3 0.2 0.2
1 0.2 0.3 0.0 0.3 0.1 0.1 0.1 0.3 0.3 0.1 0.4 0.1 0.1 0.2 0.1 0.3 0.0 0.5 0.3 0.1 0.1 0.1 0.4 0.3
1 0.3 0.3 0.3 0.3 0.2 0.0 0.3 0.0 0.1 0.2 0.0 0.2 0.1 0.3 0.3 0.5 0.1 0.0 0.1 0.1 0.1 0.1 0.0 0.1
1 0.4 0.1 0.3 0.3 0.1 0.0 0.3 0.5 0.2 0.0 0.5 0.3 0.3 0.1 0.1 0.3 0.1 0.4 0.0 0.3 0.2 0.1 0.5 0.0
1 0.0 0.1 0.3 0.5 0.3 0.4 0.4 0.1 0.0 0.4 0.4 0.1 0.5 0.2 0.1 0.2 0.0 0.3 0.4 0.0 0.1 0.3 0.1 0.3
1 0.1 0.3 0.4 0.1 0.3 0.0 0.2 0.3 0.2 0.2 0.4 0.2 0.0 0.5 0.1 0.1 0.0 0.0 0.3 0.0 0.0 0.1 0.1 0.2
1 0.1 0.0 0.0 0.5 0.5 0.0 0.2 0.2 0.3 0.5 0.1 0.4 0.0 0.0 0.4 0.3 0.1 0.0 0.0 0.1 0.4 0.0 0.5 0.5
1 0.0 0.2 0.4 0.5 0.0 0.1 0.4 0.4 0.1 0.4 0.3 0.1 0.2 0.2 0.3 0.4 0.4 0.4 0.5 0.0 0.3 0.0 0.0 0.1
1 0.4 0.4 0.2 0.2 0.4 0.0 0.3 0.3 0.3 0.3 0.2 0.1 0.3 0.2 0.2 0.4 0.0 0.1 0.4 0.1 0.3 0.3 0.1 0.0
2 0.0 0.3 0.2 0.3 0.4 0.1 0.1 0.5 0.1 0.1 0.3 0.3 0.2 0.5 0.1 0.5 0.4 0.1 0.1 0.3 0.0 0.2 0.4 0.4
2 0.1 0.0 0.3 0.3 0.3 0.0 0.1 0.4 0.5 0.0 0.0 0.1 0.3 0.3 0.1 0.4 0.2 0.1 0.4 0.2 0.3 0.3 0.2 0.2
2 0.2 0.5 0.0 0.4 0.0 0.4 0.3 0.1 0.2 0.2 0.3 0.5 0.5 0.3 0.0 0.1 0.3 0.3 0.4 0.1 0.4 0.1 0.1 0.3
2 0.0 0.3 0.3 0.0 0.4 0.3 0.2 0.3 0.3 0.2 0.1 0.0 0.1 0.1 0.2 0.3 0.3 0.4 0.2 0.0 0.4 0.4 0.5 0.2
2 0.0 0.1 0.2 0.1 0.0 0.2 0.2 0.4 0.1 0.4 0.3 0.5 0.1 0.3 0.4 0.2 0.4 0.1 0.3 0.4 0.3 0.1 0.3 0.4
2 0.4 0.3 0.1 0.1 0.4 0.0 0.3 0.1 0.3 0.3 0.1 0.1 0.3 0.1 0.1 0.1 0.1 0.2 0.3 0.1 0.5 0.1 0.1 0.1
2 0.0 0.3 0.4 0.5 0.1 0.5 0.0 0.3 0.4 0.4 0.4 0.1 0.3 0.5 0.4 0.4 0.5 0.3 0.4 0.1 0.1 0.1 0.0 0.3
2 0.4 0.5 0.1 0.0 0.3 0.1 0.1 0.0 0.5 0.3 0.1 0.1 0.2 0.5 0.4 0.1 0.1 0.5 0.4 0.3 0.1 0.4 0.2 0.2
2 0.0 0.3 0.3 0.1 0.4 0.3 0.3 0.2 0.0 0.3 0.5 0.5 0.1 0.2 0.3 0.0 0.3 0.3 0.3 0.0 0.1 0.5 0.1 0.4
2 0.1 0.1 0.1 0.1 0.4 0.1 0.3 0.3 0.2 0.0 0.3 0.2 0.1 0.1 0.2 0.3 0.4 0.3 0.0 0.3 0.5 0.4 0.2 0.5
2 0.4 0.5 0.3 0.5 0.4 0.2 0.2 0.5 0.3 0.5 0.0 0.1 0.2 0.4 0.3 0.4 0.5 0.1 0.3 0.5 0.3 0.5 0.2 0.3
2 0.4 0.4 0.3 0.1 0.3 0.4 0.0 0.2 0.1 0.1 0.4 0.0 0.2 0.4 0.0 0.2 0.4 0.1 0.4 0.2 0.1 0.4 0.1 0.5
2 0.3 0.1 0.5 0.3 0.1 0.5 0.2 0.0 0.5 0.0 0.0 0.2 0.0 0.5 0.5 0.1 0.2 0.3 0.5 0.5 0.3 0.3 0.2 0.2
2 0.1 0.2 0.4 0.3 0.5 0.1 0.0 0.3 0.5 0.0 0.5 0.3 0.4 0.0 0.0 0.2 0.1 0.1 0.5 0.4 0.3 0.1 0.5 0.0
2 0.4 0.4 0.1 0.2 0.1 0.0 0.3 0.5 0.1 0.3 0.5 0.5 0.2 0.3 0.0 0.1 0.4 0.3 0.3 0.1 0.2 0.5 0.4 0.2
2 0.1 0.4 0.1 0.1 0.3 0.3 0.5 0.2 0.2 0.4 0.1 0.1 0.3 0.1 0.5 0.0 0.1 0.5 0.1 0.0 0.1 0.3 0.1 0.4
2 0.1 0.3 0.3 0.0 0.1 0.1 0.1 0.3 0.2 0.0 0.3 0.1 0.4 0.2 0.1 0.3 0.0 0.2 0.4 0.5 0.3 0.3 0.1 0.1
2 0.0 0.4 0.5 0.5 0.3 0.4 0.2 0.4 0.1 0.4 0.4 0.3 0.4 0.3 0.3 0.3 0.3 0.0 0.3 0.1 0.0 0.3 0.3 0.1
2 0.3 0.1 0.3 0.1 0.3 0.4 0.4 0.4 0.2 0.1 0.2 0.4 0.1 0.1 0.5 0.1 0.2 0.1 0.0 0.1 0.2 0.4 0.5 0.4
2 0.2 0.4 0.1 0.1 0.3 0.1 0.2 0.2 0.1 0.3 0.3 0.2 0.1 0.5 0.3 0.5 0.1 0.1 0.4 0.0 0.4 0.1 0.1 0.5
2 0.0 0.5 0.3 0.0 0.1 0.1 0.3 0.3 0.0 0.4 0.3 0.4 0.0 0.4 0.4 0.4 0.2 0.2 0.3 0.2 0.0 0.3 0.0 0.4
2 0.1 0.3 0.4 0.1 0.5 0.4 0.5 0.1 0.4 0.2 0.1 0.3 0.3 0.4 0.0 0.1 0.2 0.2 0.2 0.1 0.3 0.0 0.5 0.3
2 0.1 0.5 0.2 0.2 0.1 0.3 0.3 0.4 0.3 0.4 0.3 0.2 0.3 0.2 0.5 0.2 0.1 0.4 0.1 0.4 0.1 0.2 0.0 0.1
2 0.2 0.1 0.1 0.3 0.4 0.5 0.3 0.0 0.2 0.0 0.1 0.3 0.4 0.3 0.4 0.3 0.4 0.2 0.5 0.3 0.1 0.4 0.3 0.0
3 0.0 0.3 0.5 0.2 0.1 0.5 0.3 0.3 0.5 0.2 0.0 0.1 0.5 0.2 0.4 0.5 0.2 0.2 0.1 0.3 0.1 0.1 0.3 0.3
3 0.5 0.0 0.3 0.3 0.1 0.2 0.5 0.1 0.1 0.5 0.1 0.1 0.0 0.3 0.3 0.0 0.0 0.4 0.5 0.3 0.4 0.4 0.1 0.4
3 0.3 0.3 0.0 0.3 0.3 0.3 0.1 0.2 0.4 0.4 0.0 0.4 0.1 0.2 0.0 0.2 0.1 0.3 0.0 0.1 0.3 0.1 0.3 0.5
3 0.1 0.1 0.2 0.0 0.3 0.5 0.1 0.2 0.5 0.2 0.1 0.4 0.3 0.4 0.1 0.3 0.5 0.3 0.4 0.1 0.4 0.1 0.2 0.1
3 0.2 0.3 0.0 0.3 0.0 0.3 0.4 0.1 0.2 0.5 0.4 0.1 0.3 0.1 0.1 0.4 0.3 0.4 0.5 0.2 0.5 0.1 0.3 0.4
3 0.1 0.3 0.1 0.1 0.0 0.0 0.1 0.4 0.4 0.3 0.2 0.5 0.1 0.4 0.5 0.1 0.5 0.3 0.2 0.2 0.1 0.3 0.5 0.0
3 0.4 0.2 0.4 0.3 0.3 0.2 0.0 0.0 0.0 0.3 0.1 0.3 0.4 0.3 0.5 0.0 0.1 0.1 0.5 0.3 0.4 0.3 0.2 0.3
3 0.1 0.3 0.2 0.2 0.1 0.1 0.0 0.0 0.2 0.1 0.1 0.0 0.3 0.3 0.2 0.3 0.1 0.1 0.1 0.4 0.2 0.3 0.2 0.3
3 0.2 0.3 0.1 0.0 0.4 0.1 0.3 0.3 0.0 0.3 0.3 0.2 0.2 0.4 0.5 0.3 0.0 0.4 0.1 0.3 0.0 0.1 0.3 0.3
3 0.2 0.3 0.4 0.1 0.1 0.1 0.5 0.2 0.3 0.0 0.2 0.4 0.3 0.2 0.4 0.3 0.4 0.1 0.0 0.3 0.2 0.1 0.3 0.3
3 0.3 0.3 0.1 0.1 0.3 0.3 0.4 0.2 0.2 0.4 0.0 0.1 0.4 0.1 0.1 0.0 0.3 0.4 0.3 0.2 0.2 0.1 0.4 0.1
3 0.3 0.0 0.2 0.1 0.4 0.1 0.1 0.3 0.3 0.4 0.3 0.0 0.1 0.3 0.3 0.3 0.2 0.1 0.0 0.5 0.3 0.2 0.4 0.1
3 0.5 0.4 0.1 0.0 0.1 0.5 0.1 0.3 0.2 0.3 0.4 0.4 0.0 0.2 0.0 0.1 0.1 0.4 0.3 0.1 0.0 0.0 0.1 0.2
3 0.3 0.3 0.5 0.1 0.3 0.1 0.4 0.1 0.1 0.4 0.1 0.1 0.5 0.0 0.2 0.4 0.3 0.1 0.4 0.1 0.0 0.3 0.3 0.2
3 0.4 0.4 0.3 0.1 0.4 0.0 0.3 0.1 0.3 0.4 0.4 0.1 0.0 0.2 0.0 0.4 0.0 0.2 0.3 0.1 0.2 0.5 0.2 0.1
3 0.5 0.2 0.3 0.2 0.5 0.3 0.1 0.3 0.1 0.3 0.5 0.4 0.2 0.5 0.5 0.0 0.3 0.3 0.5 0.3 0.2 0.1 0.1 0.3
3 0.2 0.3 0.1 0.1 0.0 0.3 0.0 0.5 0.0 0.2 0.0 0.2 0.4 0.0 0.1 0.1 0.0 0.1 0.2 0.1 0.5 0.3 0.2 0.4
3 0.2 0.1 0.3 0.1 0.3 0.3 0.3 0.4 0.0 0.1 0.3 0.2 0.1 0.2 0.1 0.0 0.3 0.0 0.3 0.1 0.4 0.0 0.1 0.1
3 0.5 0.0 0.5 0.3 0.3 0.5 0.1 0.3 0.3 0.0 0.3 0.3 0.1 0.3 0.1 0.4 0.1 0.3 0.0 0.1 0.3 0.1 0.4 0.2
3 0.5 0.5 0.1 0.4 0.3 0.3 0.1 0.2 0.3 0.3 0.3 0.0 0.1 0.2 0.0 0.1 0.3 0.4 0.4 0.0 0.1 0.3 0.3 0.1
3 0.4 0.3 0.1 0.5 0.3 0.3 0.2 0.2 0.1 0.4 0.0 0.2 0.5 0.2 0.1 0.2 0.4 0.3 0.1 0.0 0.0 0.2 0.4 0.2
3 0.1 0.0 0.3 0.3 0.3 0.5 0.1 0.3 0.5 0.3 0.1 0.1 0.1 0.4 0.1 0.2 0.5 0.2 0.2 0.3 0.2 0.0 0.3 0.3
3 0.3 0.4 0.2 0.3 0.3 0.2 0.3 0.1 0.1 0.1 0.3 0.2 0.3 0.3 0.5 0.1 0.3 0.4 0.3 0.5 0.2 0.5 0.0 0.2
3 0.3 0.3 0.2 0.3 0.1 0.4 0.5 0.2 0.3 0.4 0.4 0.3 0.4 0.1 0.4 0.3 0.3 0.1 0.1 0.4 0.3 0.4 0.0 0.0
4 0.0 0.2 0.1 0.5 0.1 0.4 0.3 0.5 0.3 0.4 0.3 0.1 0.3 0.3 0.1 0.3 0.1 0.3 0.4 0.3 0.3 0.1 0.4 0.2
4 0.0 0.0 0.4 0.1 0.0 0.3 0.0 0.1 0.4 0.2 0.4 0.1 0.3 0.3 0.1 0.4 0.0 0.4 0.5 0.3 0.3 0.4 0.3 0.3
4 0.0 0.3 0.0 0.3 0.5 0.3 0.2 0.1 0.3 0.4 0.4 0.4 0.5 0.1 0.1 0.3 0.2 0.3 0.4 0.3 0.1 0.1 0.0 0.1
4 0.3 0.1 0.1 0.0 0.4 0.2 0.1 0.3 0.1 0.1 0.3 0.4 0.5 0.3 0.4 0.3 0.0 0.1 0.2 0.3 0.4 0.4 0.3 0.3
4 0.2 0.0 0.3 0.2 0.0 0.4 0.2 0.4 0.2 0.4 0.1 0.3 0.4 0.2 0.1 0.3 0.1 0.3 0.3 0.5 0.1 0.2 0.1 0.1
4 0.3 0.5 0.3 0.3 0.5 0.0 0.2 0.3 0.4 0.0 0.1 0.3 0.5 0.3 0.4 0.0 0.0 0.2 0.1 0.2 0.4 0.2 0.2 0.0
4 0.1 0.4 0.3 0.3 0.1 0.4 0.0 0.3 0.1 0.2 0.1 0.0 0.2 0.4 0.4 0.3 0.3 0.5 0.3 0.1 0.2 0.4 0.4 0.2
4 0.3 0.3 0.3 0.1 0.4 0.0 0.0 0.0 0.3 0.0 0.2 0.1 0.1 0.1 0.2 0.4 0.3 0.1 0.0 0.1 0.5 0.4 0.1 0.0
4 0.0 0.3 0.1 0.2 0.5 0.2 0.2 0.5 0.0 0.2 0.4 0.2 0.5 0.5 0.4 0.4 0.1 0.5 0.4 0.4 0.4 0.3 0.1 0.4
4 0.1 0.1 0.2 0.4 0.0 0.0 0.1 0.1 0.3 0.0 0.1 0.4 0.1 0.1 0.1 0.3 0.3 0.3 0.1 0.1 0.4 0.1 0.5 0.4
4 0.1 0.3 0.5 0.2 0.1 0.1 0.2 0.2 0.2 0.4 0.0 0.5 0.3 0.1 0.4 0.3 0.2 0.2 0.1 0.2 0.4 0.2 0.2 0.4
4 0.2 0.2 0.4 0.1 0.1 0.0 0.0 0.0 0.5 0.1 0.2 0.0 0.2 0.4 0.3 0.0 0.3 0.4 0.2 0.4 0.4 0.4 0.4 0.5
4 0.3 0.5 0.3 0.4 0.3 0.3 0.1 0.0 0.3 0.4 0.4 0.3 0.0 0.5 0.3 0.3 0.4 0.1 0.5 0.4 0.0 0.4 0.3 0.2
4 0.4 0.0 0.1 0.3 0.2 0.1 0.0 0.0 0.3 0.4 0.4 0.3 0.4 0.0 0.1 0.3 0.4 0.5 0.0 0.3 0.0 0.1 0.4 0.1
4 0.3 0.3 0.0 0.1 0.5 0.1 0.3 0.0 0.3 0.3 0.3 0.4 0.1 0.5 0.0 0.0 0.3 0.4 0.2 0.0 0.2 0.3 0.3 0.1
4 0.3 0.1 0.2 0.4 0.1 0.4 0.3 0.2 0.0 0.1 0.2 0.0 0.1 0.3 0.1 0.0 0.1 0.1 0.2 0.1 0.1 0.0 0.1 0.5
4 0.3 0.1 0.4 0.1 0.4 0.3 0.1 0.2 0.1 0.1 0.3 0.5 0.1 0.3 0.1 0.4 0.0 0.2 0.0 0.3 0.3 0.5 0.2 0.5
4 0.2 0.1 0.4 0.2 0.1 0.0 0.4 0.5 0.0 0.0 0.3 0.0 0.4 0.3 0.0 0.4 0.1 0.0 0.3 0.3 0.3 0.5 0.3 0.2
4 0.5 0.3 0.2 0.1 0.1 0.4 0.3 0.0 0.1 0.1 0.0 0.2 0.0 0.2 0.3 0.5 0.2 0.4 0.0 0.4 0.4 0.4 0.1 0.2
4 0.4 0.2 0.4 0.5 0.2 0.1 0.4 0.5 0.4 0.1 0.0 0.1 0.1 0.4 0.4 0.4 0.1 0.3 0.3 0.0 0.1 0.0 0.3 0.3
4 0.5 0.0 0.0 0.1 0.4 0.4 0.1 0.1 0.5 0.3 0.3 0.3 0.2 0.4 0.1 0.0 0.1 0.1 0.1 0.1 0.0 0.4 0.1 0.2
4 0.3 0.2 0.3 0.4 0.3 0.5 0.0 0.4 0.4 0.3 0.4 0.3 0.3 0.0 0.5 0.4 0.0 0.0 0.4 0.1 0.1 0.0 0.3 0.3
4 0.2 0.1 0.0 0.4 0.4 0.4 0.2 0.4 0.1 0.5 0.1 0.3 0.4 0.1 0.3 0.3 0.3 0.2 0.4 0.4 0.3 0.1 0.0 0.0
4 0.1 0.5 0.1 0.2 0.2 0.2 0.3 0.3 0.3 0.1 0.2 0.4 0.3 0.1 0.1 0.1 0.3 0.5 0.4 0.4 0.1 0.2 0.1 0.0
5 0.0 0.0 0.4 0.0 0.4 0.4 0.4 0.3 0.4 0.0 0.1 0.1 0.0 0.4 0.4 0.0 0.1 0.5 0.3 0.4 0.1 0.0 0.5 0.0
5 0.2 0.0 0.4 0.1 0.4 0.4 0.1 0.1 0.4 0.2 0.5 0.4 0.1 0.3 0.4 0.3 0.3 0.2 0.2 0.2 0.3 0.3 0.1 0.0
5 0.4 0.0 0.0 0.1 0.1 0.0 0.2 0.4 0.3 0.5 0.1 0.4 0.5 0.4 0.4 0.1 0.5 0.2 0.4 0.4 0.3 0.4 0.2 0.4
5 0.1 0.1 0.0 0.0 0.4 0.1 0.5 0.3 0.1 0.3 0.1 0.1 0.2 0.1 0.2 0.0 0.1 0.1 0.5 0.0 0.3 0.5 0.3 0.1
5 0.2 0.4 0.3 0.0 0.0 0.3 0.5 0.1 0.3 0.3 0.3 0.2 0.2 0.2 0.2 0.3 0.5 0.2 0.1 0.1 0.1 0.4 0.3 0.4
5 0.2 0.1 0.3 0.4 0.4 0.0 0.1 0.3 0.3 0.3 0.2 0.4 0.4 0.1 0.0 0.3 0.4 0.2 0.3 0.3 0.1 0.3 0.0 0.1
5 0.3 0.3 0.4 0.1 0.2 0.2 0.0 0.0 0.5 0.2 0.1 0.1 0.3 0.5 0.4 0.2 0.4 0.3 0.3 0.3 0.0 0.0 0.2 0.1
5 0.2 0.1 0.0 0.2 0.3 0.1 0.3 0.0 0.3 0.4 0.1 0.3 0.2 0.1 0.1 0.3 0.0 0.3 0.3 0.1 0.3 0.4 0.2 0.2
5 0.4 0.5 0.2 0.1 0.3 0.0 0.2 0.5 0.0 0.1 0.2 0.1 0.2 0.1 0.2 0.5 0.5 0.1 0.1 0.4 0.1 0.1 0.0 0.0
5 0.2 0.4 0.3 0.5 0.5 0.4 0.2 0.0 0.4 0.0 0.1 0.4 0.3 0.3 0.2 0.1 0.4 0.5 0.3 0.2 0.0 0.1 0.1 0.3
5 0.3 0.5 0.0 0.2 0.2 0.1 0.5 0.2 0.4 0.4 0.0 0.5 0.2 0.1 0.3 0.5 0.1 0.5 0.1 0.3 0.3 0.1 0.4 0.1
5 0.2 0.1 0.3 0.5 0.3 0.0 0.4 0.1 0.4 0.0 0.1 0.0 0.4 0.3 0.2 0.1 0.0 0.3 0.0 0.1 0.0 0.5 0.1 0.0
5 0.1 0.2 0.1 0.4 0.1 0.1 0.2 0.4 0.1 0.3 0.0 0.1 0.0 0.4 0.1 0.3 0.3 0.1 0.4 0.3 0.4 0.3 0.4 0.0
5 0.4 0.2 0.2 0.2 0.1 0.2 0.0 0.3 0.3 0.3 0.2 0.4 0.3 0.0 0.3 0.1 0.3 0.5 0.1 0.5 0.0 0.1 0.5 0.1
5 0.5 0.1 0.3 0.1 0.4 0.4 0.2 0.3 0.1 0.3 0.3 0.2 0.3 0.1 0.0 0.1 0.1 0.2 0.2 0.1 0.1 0.2 0.1 0.2
5 0.1 0.4 0.1 0.1 0.2 0.1 0.3 0.5 0.3 0.3 0.0 0.1 0.3 0.1 0.2 0.0 0.2 0.5 0.3 0.3 0.3 0.1 0.4 0.1
5 0.1 0.0 0.5 0.1 0.3 0.3 0.3 0.0 0.1 0.3 0.1 0.2 0.5 0.1 0.2 0.3 0.0 0.1 0.3 0.3 0.2 0.2 0.4 0.1
5 0.1 0.4 0.5 0.4 0.4 0.1 0.2 0.1 0.1 0.4 0.5 0.4 0.1 0.1 0.3 0.0 0.5 0.0 0.2 0.1 0.4 0.1 0.3 0.1
5 0.3 0.3 0.2 0.1 0.1 0.0 0.3 0.1 0.1 0.1 0.3 0.3 0.3 0.4 0.1 0.4 0.4 0.4 0.0 0.0 0.3 0.0 0.4 0.5
5 0.4 0.1 0.1 0.0 0.0 0.0 0.2 0.4 0.1 0.1 0.3 0.2 0.3 0.4 0.5 0.2 0.3 0.1 0.3 0.0 0.2 0.0 0.2 0.3
5 0.2 0.2 0.3 0.3 0.4 0.1 0.2 0.3 0.2 0.1 0.3 0.1 0.2 0.3 0.1 0.1 0.0 0.2 0.2 0.0 0.0 0.4 0.2 0.3
5 0.1 0.3 0.0 0.3 0.1 0.1 0.1 0.3 0.1 0.4 0.1 0.3 0.2 0.0 0.1 0.5 0.0 0.1 0.4 0.3 0.4 0.0 0.0 0.1
5 0.5 0.3 0.3 0.4 0.2 0.4 0.4 0.5 0.3 0.3 0.4 0.5 0.3 0.3 0.0 0.3 0.3 0.3 0.4 0.1 0.3 0.5 0.0 0.4
5 0.3 0.1 0.5 0.3 0.2 0.4 0.5 0.3 0.3 0.0 0.0 0.1 0.4 0.2 0.3 0.3 0.2 0.1 0.1 0.2 0.2 0.1 0.1 0.0
6 0.0 0.4 0.2 0.3 0.3 0.0 0.5 0.0 0.0 0.0 0.1 0.3 0.3 0.5 0.4 0.3 0.0 0.0 0.1 0.0 0.3 0.1 0.4 0.3
6 0.4 0.0 0.1 0.1 0.4 0.2 0.1 0.4 0.1 0.3 0.1 0.2 0.1 0.3 0.2 0.2 0.3 0.5 0.5 0.0 0.3 0.1 0.1 0.2
6 0.2 0.4 0.0 0.2 0.1 0.1 0.5 0.2 0.1 0.3 0.2 0.5 0.1 0.3 0.1 0.4 0.0 0.0 0.1 0.1 0.1 0.4 0.2 0.2
6 0.5 0.5 0.5 0.0 0.0 0.1 0.1 0.3 0.3 0.2 0.3 0.3 0.1 0.1 0.2 0.3 0.1 0.4 0.0 0.3 0.2 0.4 0.4 0.1
6 0.2 0.2 0.3 0.2 0.0 0.4 0.1 0.3 0.1 0.4 0.3 0.2 0.3 0.2 0.2 0.0 0.1 0.3 0.1 0.3 0.2 0.2 0.3 0.4
6 0.3 0.1 0.2 0.2 0.0 0.0 0.1 0.1 0.0 0.4 0.3 0.4 0.5 0.3 0.2 0.4 0.1 0.5 0.4 0.2 0.2 0.3 0.5 0.4
6 0.0 0.1 0.4 0.0 0.2 0.3 0.0 0.3 0.2 0.3 0.3 0.2 0.1 0.3 0.2 0.0 0.3 0.1 0.5 0.2 0.1 0.1 0.1 0.3
6 0.1 0.1 0.0 0.3 0.3 0.1 0.4 0.0 0.5 0.0 0.1 0.2 0.0 0.1 0.4 0.1 0.2 0.5 0.4 0.3 0.1 0.5 0.3 0.3
6 0.4 0.3 0.5 0.4 0.0 0.1 0.0 0.1 0.0 0.3 0.5 0.3 0.0 0.3 0.3 0.3 0.0 0.1 0.0 0.2 0.4 0.0 0.0 0.4
6 0.3 0.1 0.2 0.4 0.1 0.0 0.3 0.3 0.2 0.0 0.2 0.4 0.4 0.3 0.1 0.1 0.0 0.2 0.3 0.1 0.2 0.2 0.1 0.5
6 0.4 0.2 0.3 0.3 0.3 0.3 0.1 0.1 0.0 0.1 0.0 0.3 0.3 0.0 0.1 0.1 0.5 0.1 0.0 0.0 0.3 0.1 0.1 0.3
6 0.1 0.1 0.3 0.3 0.1 0.5 0.4 0.1 0.4 0.1 0.3 0.0 0.3 0.3 0.1 0.0 0.2 0.1 0.2 0.5 0.4 0.1 0.3 0.1
6 0.3 0.2 0.1 0.0 0.2 0.4 0.3 0.1 0.2 0.1 0.4 0.4 0.0 0.5 0.0 0.0 0.2 0.3 0.4 0.1 0.1 0.2 0.4 0.3
6 0.4 0.0 0.1 0.2 0.0 0.1 0.0 0.1 0.2 0.1 0.1 0.5 0.1 0.0 0.0 0.0 0.2 0.5 0.5 0.1 0.3 0.1 0.1 0.3
6 0.2 0.4 0.0 0.3 0.2 0.0 0.4 0.3 0.1 0.0 0.1 0.3 0.0 0.4 0.0 0.1 0.4 0.5 0.1 0.5 0.3 0.3 0.1 0.1
6 0.4 0.3 0.5 0.3 0.0 0.2 0.4 0.3 0.4 0.5 0.4 0.2 0.2 0.2 0.1 0.0 0.0 0.3 0.1 0.3 0.5 0.4 0.1 0.4
6 0.3 0.3 0.0 0.0 0.0 0.3 0.1 0.0 0.4 0.0 0.4 0.0 0.3 0.4 0.3 0.1 0.0 0.2 0.3 0.4 0.3 0.4 0.3 0.4
6 0.4 0.4 0.3 0.0 0.4 0.3 0.0 0.5 0.3 0.1 0.4 0.1 0.0 0.5 0.2 0.3 0.1 0.0 0.2 0.5 0.3 0.4 0.1 0.5
6 0.2 0.1 0.4 0.1 0.3 0.3 0.3 0.0 0.4 0.1 0.2 0.1 0.1 0.3 0.3 0.1 0.0 0.5 0.0 0.3 0.3 0.1 0.0 0.4
6 0.3 0.1 0.2 0.3 0.2 0.2 0.5 0.4 0.0 0.1 0.4 0.3 0.4 0.1 0.1 0.4 0.1 0.1 0.5 0.0 0.2 0.1 0.1 0.2
6 0.4 0.1 0.1 0.1 0.3 0.5 0.5 0.4 0.3 0.0 0.3 0.1 0.3 0.0 0.1 0.3 0.3 0.1 0.1 0.0 0.0 0.3 0.1 0.0
6 0.5 0.5 0.3 0.1 0.2 0.2 0.4 0.0 0.3 0.4 0.3 0.4 0.1 0.1 0.1 0.1 0.1 0.5 0.1 0.3 0.0 0.0 0.4 0.4
6 0.1 0.4 0.1 0.2 0.1 0.4 0.1 0.3 0.2 0.3 0.4 0.3 0.0 0.2 0.3 0.1 0.5 0.5 0.3 0.1 0.1 0.4 0.0 0.3
6 0.2 0.2 0.4 0.3 0.4 0.4 0.1 0.1 0.1 0.1 0.5 0.4 0.5 0.4 0.3 0.3 0.4 0.5 0.4 0.1 0.1 0.3 0.2 0.0
7 0.0 0.2 0.1 0.4 0.0 0.3 0.3 0.5 0.3 0.2 0.5 0.3 0.4 0.2 0.5 0.3 0.3 0.1 0.1 0.0 0.3 0.1 0.5 0.5
7 0.0 0.0 0.1 0.4 0.1 0.3 0.1 0.0 0.5 0.0 0.1 0.0 0.1 0.2 0.1 0.4 0.4 0.3 0.3 0.4 0.1 0.4 0.1 0.5
7 0.2 0.5 0.0 0.2 0.1 0.3 0.1 0.2 0.1 0.1 0.5 0.4 0.1 0.4 0.3 0.0 0.3 0.4 0.2 0.1 0.1 0.3 0.2 0.3
7 0.1 0.0 0.5 0.0 0.3 0.4 0.2 0.4 0.4 0.1 0.1 0.1 0.0 0.1 0.3 0.3 0.1 0.3 0.1 0.1 0.4 0.4 0.0 0.0
7 0.1 0.5 0.3 0.4 0.0 0.1 0.2 0.4 0.4 0.3 0.1 0.4 0.3 0.0 0.3 0.1 0.3 0.1 0.1 0.1 0.3 0.0 0.2 0.4
7 0.3 0.1 0.1 0.2 0.3 0.0 0.1 0.1 0.2 0.2 0.2 0.3 0.3 0.1 0.4 0.1 0.5 0.0 0.1 0.1 0.4 0.3 0.4 0.5
7 0.1 0.3 0.1 0.2 0.3 0.3 0.0 0.0 0.1 0.2 0.3 0.2 0.3 0.2 0.3 0.4 0.2 0.1 0.3 0.1 0.0 0.1 0.1 0.3
7 0.3 0.2 0.5 0.3 0.0 0.2 0.1 0.0 0.3 0.1 0.3 0.1 0.3 0.0 0.1 0.2 0.1 0.0 0.2 0.2 0.3 0.1 0.2 0.3
7 0.3 0.2 0.4 0.2 0.1 0.1 0.1 0.1 0.0 0.4 0.1 0.1 0.3 0.0 0.4 0.5 0.3 0.2 0.2 0.3 0.4 0.3 0.3 0.1
7 0.3 0.1 0.1 0.1 0.2 0.2 0.1 0.4 0.3 0.0 0.3 0.3 0.2 0.1 0.2 0.4 0.3 0.1 0.2 0.5 0.1 0.2 0.4 0.3
7 0.3 0.3 0.4 0.3 0.1 0.3 0.0 0.2 0.3 0.3 0.0 0.1 0.4 0.2 0.4 0.3 0.2 0.4 0.3 0.2 0.1 0.5 0.1 0.3
7 0.3 0.3 0.1 0.2 0.3 0.5 0.2 0.0 0.2 0.2 0.2 0.0 0.1 0.1 0.1 0.4 0.4 0.3 0.2 0.2 0.5 0.1 0.3 0.1
7 0.1 0.2 0.4 0.3 0.0 0.3 0.3 0.4 0.5 0.0 0.3 0.1 0.0 0.1 0.1 0.4 0.4 0.2 0.2 0.0 0.4 0.2 0.1 0.3
7 0.3 0.3 0.4 0.5 0.1 0.1 0.0 0.1 0.0 0.1 0.4 0.1 0.2 0.0 0.0 0.1 0.1 0.3 0.3 0.0 0.3 0.3 0.1 0.3
7 0.2 0.0 0.5 0.3 0.1 0.4 0.1 0.2 0.1 0.1 0.1 0.2 0.4 0.4 0.0 0.4 0.3 0.2 0.1 0.1 0.3 0.2 0.5 0.4
7 0.5 0.3 0.3 0.1 0.4 0.3 0.3 0.2 0.3 0.4 0.5 0.2 0.2 0.2 0.3 0.0 0.2 0.3 0.1 0.2 0.3 0.2 0.3 0.5
7 0.2 0.2 0.3 0.0 0.3 0.4 0.2 0.2 0.4 0.1 0.2 0.1 0.2 0.4 0.2 0.1 0.0 0.5 0.4 0.1 0.1 0.0 0.2 0.3
7 0.4 0.1 0.3 0.3 0.0 0.4 0.1 0.1 0.1 0.3 0.1 0.0 0.3 0.2 0.1 0.5 0.3 0.0 0.5 0.1 0.4 0.0 0.1 0.1
7 0.3 0.3 0.4 0.1 0.3 0.3 0.5 0.2 0.0 0.1 0.2 0.2 0.4 0.4 0.4 0.3 0.2 0.0 0.0 0.3 0.3 0.1 0.0 0.0
7 0.5 0.4 0.1 0.4 0.1 0.5 0.1 0.2 0.1 0.2 0.1 0.1 0.3 0.3 0.0 0.3 0.1 0.3 0.4 0.0 0.1 0.3 0.2 0.1
7 0.4 0.2 0.3 0.0 0.4 0.2 0.1 0.4 0.3 0.1 0.2 0.1 0.2 0.4 0.4 0.1 0.1 0.3 0.4 0.3 0.0 0.4 0.4 0.1
7 0.1 0.1 0.3 0.2 0.4 0.1 0.1 0.2 0.5 0.1 0.3 0.3 0.3 0.1 0.3 0.3 0.4 0.2 0.1 0.2 0.2 0.0 0.5 0.3
7 0.1 0.2 0.4 0.3 0.0 0.1 0.5 0.3 0.1 0.3 0.5 0.3 0.1 0.2 0.0 0.1 0.4 0.3 0.4 0.4 0.3 0.4 0.0 0.0
7 0.5 0.1 0.1 0.0 0.1 0.3 0.3 0.1 0.3 0.4 0.4 0.0 0.3 0.3 0.3 0.1 0.3 0.0 0.0 0.4 0.1 0.1 0.2 0.0
8 0.0 0.1 0.1 0.2 0.2 0.3 0.2 0.4 0.0 0.2 0.3 0.3 0.3 0.2 0.4 0.3 0.3 0.5 0.5 0.5 0.1 0.2 0.3 0.3
8 0.1 0.0 0.4 0.3 0.4 0.4 0.0 0.4 0.1 0.2 0.2 0.3 0.2 0.4 0.3 0.1 0.5 0.2 0.1 0.3 0.1 0.4 0.2 0.2
8 0.4 0.2 0.0 0.2 0.4 0.3 0.2 0.1 0.1 0.5 0.3 0.1 0.1 0.4 0.2 0.2 0.3 0.4 0.1 0.4 0.2 0.4 0.1 0.3
8 0.1 0.1 0.1 0.0 0.3 0.2 0.5 0.2 0.2 0.3 0.0 0.3 0.5 0.5 0.5 0.5 0.2 0.1 0.4 0.0 0.3 0.0 0.1 0.1
8 0.3 0.1 0.3 0.2 0.0 0.0 0.2 0.1 0.0 0.3 0.1 0.3 0.1 0.4 0.2 0.2 0.0 0.3 0.2 0.2 0.3 0.4 0.3 0.1
8 0.2 0.3 0.3 0.1 0.2 0.0 0.1 0.2 0.3 0.4 0.5 0.0 0.4 0.3 0.1 0.2 0.4 0.1 0.1 0.1 0.5 0.1 0.1 0.3
8 0.4 0.3 0.3 0.3 0.4 0.2 0.0 0.4 0.3 0.1 0.5 0.1 0.3 0.1 0.3 0.3 0.2 0.4 0.4 0.1 0.1 0.0 0.3 0.1
8 0.4 0.0 0.0 0.1 0.1 0.1 0.3 0.0 0.3 0.2 0.1 0.4 0.1 0.3 0.1 0.2 0.5 0.5 0.1 0.5 0.3 0.3 0.3 0.4
8 0.3 0.1 0.3 0.4 0.3 0.0 0.2 0.3 0.0 0.1 0.4 0.1 0.1 0.0 0.1 0.4 0.5 0.3 0.0 0.5 0.4 0.1 0.4 0.5
8 0.3 0.2 0.4 0.3 0.1 0.5 0.5 0.1 0.3 0.0 0.3 0.3 0.3 0.0 0.2 0.3 0.1 0.1 0.3 0.1 0.1 0.4 0.1 0.3
8 0.4 0.4 0.3 0.1 0.3 0.0 0.3 0.1 0.1 0.3 0.0 0.1 0.5 0.4 0.0 0.1 0.5 0.1 0.4 0.3 0.0 0.1 0.1 0.2
8 0.4 0.0 0.2 0.4 0.1 0.1 0.3 0.4 0.1 0.1 0.3 0.0 0.4 0.1 0.5 0.3 0.2 0.3 0.2 0.5 0.4 0.1 0.1 0.0
8 0.5 0.2 0.1 0.2 0.1 0.1 0.3 0.4 0.2 0.0 0.3 0.2 0.0 0.3 0.4 0.3 0.5 0.1 0.1 0.4 0.4 0.4 0.5 0.1
8 0.4 0.4 0.1 0.2 0.0 0.2 0.1 0.5 0.3 0.1 0.4 0.2 0.2 0.0 0.2 0.4 0.1 0.4 0.3 0.2 0.1 0.4 0.3 0.1
8 0.3 0.3 0.1 0.3 0.2 0.1 0.4 0.4 0.4 0.5 0.1 0.0 0.3 0.4 0.0 0.5 0.4 0.2 0.5 0.3 0.1 0.3 0.2 0.0
8 0.3 0.4 0.2 0.3 0.2 0.1 0.4 0.1 0.3 0.2 0.1 0.1 0.5 0.2 0.4 0.0 0.5 0.3 0.3 0.0 0.4 0.1 0.3 0.4
8 0.0 0.1 0.3 0.0 0.4 0.1 0.3 0.1 0.1 0.3 0.0 0.1 0.3 0.3 0.3 0.2 0.0 0.3 0.3 0.3 0.2 0.3 0.5 0.0
8 0.3 0.1 0.3 0.3 0.3 0.3 0.3 0.3 0.1 0.1 0.3 0.2 0.3 0.1 0.1 0.3 0.3 0.0 0.2 0.4 0.1 0.3 0.1 0.1
8 0.3 0.3 0.3 0.4 0.1 0.1 0.1 0.3 0.2 0.3 0.1 0.3 0.1 0.3 0.1 0.0 0.1 0.3 0.0 0.3 0.5 0.1 0.2 0.0
8 0.4 0.5 0.1 0.0 0.5 0.5 0.3 0.3 0.3 0.0 0.1 0.3 0.4 0.5 0.1 0.2 0.3 0.1 0.2 0.0 0.2 0.2 0.1 0.0
8 0.5 0.5 0.1 0.3 0.2 0.1 0.3 0.4 0.1 0.0 0.3 0.3 0.4 0.1 0.1 0.2 0.2 0.1 0.3 0.4 0.0 0.5 0.0 0.0
8 0.1 0.3 0.3 0.3 0.4 0.1 0.3 0.3 0.4 0.3 0.5 0.2 0.5 0.4 0.1 0.2 0.3 0.1 0.0 0.2 0.4 0.0 0.0 0.4
8 0.1 0.3 0.1 0.1 0.3 0.1 0.1 0.2 0.4 0.3 0.4 0.2 0.5 0.2 0.3 0.3 0.0 0.1 0.5 0.1 0.5 0.0 0.0 0.0
8 0.5 0.3 0.4 0.3 0.2 0.2 0.1 0.4 0.2 0.5 0.3 0.5 0.1 0.3 0.0 0.3 0.5 0.3 0.2 0.3 0.2 0.3 0.0 0.0
9 0.0 0.1 0.4 0.1 0.1 0.1 0.1 0.1 0.1 0.2 0.5 0.0 0.3 0.4 0.1 0.1 0.3 0.1 0.1 0.2 0.3 0.1 0.2 0.2
9 0.1 0.0 0.3 0.4 0.0 0.0 0.3 0.3 0.0 0.1 0.5 0.1 0.2 0.5 0.3 0.4 0.3 0.0 0.1 0.4 0.2 0.3 0.4 0.3
9 0.4 0.5 0.0 0.1 0.3 0.4 0.1 0.2 0.1 0.2 0.0 0.4 0.2 0.2 0.5 0.2 0.4 0.4 0.5 0.2 0.5 0.1 0.3 0.3
9 0.1 0.5 0.2 0.0 0.3 0.4 0.3 0.0 0.5 0.4 0.5 0.1 0.3 0.4 0.1 0.4 0.1 0.1 0.3 0.4 0.1 0.0 0.4 0.2
9 0.1 0.5 0.1 0.3 0.0 0.5 0.4 0.1 0.5 0.0 0.2 0.2 0.1 0.0 0.4 0.5 0.1 0.1 0.3 0.5 0.2 0.3 0.0 0.1
9 0.2 0.2 0.3 0.0 0.2 0.0 0.0 0.1 0.2 0.4 0.3 0.4 0.4 0.2 0.0 0.0 0.5 0.1 0.3 0.5 0.4 0.3 0.1 0.1
9 0.2 0.2 0.1 0.3 0.5 0.3 0.0 0.4 0.1 0.3 0.1 0.5 0.2 0.1 0.1 0.5 0.1 0.2 0.5 0.1 0.1 0.3 0.1 0.4
9 0.3 0.3 0.2 0.2 0.2 0.1 0.3 0.0 0.3 0.1 0.1 0.3 0.4 0.1 0.5 0.2 0.3 0.3 0.2 0.3 0.5 0.1 0.5 0.3
9 0.3 0.1 0.2 0.2 0.3 0.4 0.1 0.5 0.0 0.1 0.2 0.4 0.1 0.0 0.2 0.0 0.3 0.2 0.1 0.4 0.2 0.0 0.3 0.1
9 0.4 0.3 0.4 0.1 0.2 0.2 0.1 0.3 0.2 0.0 0.3 0.2 0.1 0.5 0.1 0.3 0.3 0.3 0.1 0.3 0.1 0.5 0.3 0.3
9 0.1 0.5 0.1 0.1 0.3 0.5 0.0 0.3 0.0 0.2 0.0 0.0 0.1 0.1 0.2 0.1 0.1 0.1 0.1 0.2 0.5 0.0 0.1 0.4
9 0.0 0.3 0.1 0.1 0.3 0.2 0.2 0.4 0.1 0.2 0.1 0.0 0.4 0.5 0.2 0.4 0.4 0.4 0.3 0.5 0.0 0.4 0.1 0.5
9 0.3 0.1 0.1 0.4 0.4 0.3 0.1 0.2 0.1 0.2 0.1 0.3 0.0 0.0 0.1 0.4 0.3 0.2 0.1 0.3 0.5 0.4 0.4 0.1
9 0.3 0.3 0.0 0.0 0.1 0.5 0.0 0.4 0.2 0.1 0.3 0.4 0.0 0.0 0.4 0.3 0.5 0.3 0.4 0.0 0.1 0.3 0.3 0.3
9 0.4 0.2 0.1 0.3 0.1 0.4 0.2 0.3 0.1 0.1 0.2 0.3 0.5 0.3 0.0 0.0 0.3 0.2 0.0 0.1 0.5 0.0 0.1 0.0
9 0.4 0.1 0.4 0.3 0.2 0.3 0.3 0.2 0.4 0.4 0.1 0.0 0.0 0.5 0.4 0.0 0.2 0.3 0.1 0.3 0.4 0.4 0.3 0.1
9 0.4 0.3 0.1 0.3 0.3 0.4 0.1 0.3 0.2 0.1 0.4 0.3 0.2 0.4 0.0 0.1 0.0 0.3 0.1 0.1 0.0 0.1 0.1 0.3
9 0.2 0.4 0.1 0.4 0.4 0.1 0.5 0.5 0.5 0.1 0.2 0.1 0.0 0.2 0.1 0.1 0.3 0.0 0.3 0.1 0.2 0.1 0.3 0.2
9 0.1 0.1 0.1 0.2 0.1 0.1 0.1 0.1 0.3 0.2 0.1 0.4 0.2 0.1 0.1 0.3 0.3 0.1 0.0 0.1 0.2 0.1 0.1 0.3
9 0.4 0.1 0.0 0.4 0.1 0.1 0.3 0.3 0.3 0.4 0.3 0.3 0.2 0.4 0.1 0.0 0.0 0.3 0.3 0.0 0.2 0.4 0.4 0.3
9 0.3 0.3 0.3 0.1 0.1 0.3 0.4 0.1 0.3 0.3 0.1 0.4 0.5 0.3 0.0 0.5 0.3 0.2 0.3 0.1 0.0 0.2 0.1 0.1
9 0.3 0.3 0.1 0.5 0.3 0.2 0.3 0.1 0.2 0.1 0.2 0.1 0.2 0.3 0.4 0.5 0.5 0.2 0.2 0.0 0.3 0.0 0.4 0.5
9 0.4 0.1 0.2 0.3 0.4 0.3 0.1 0.3 0.2 0.1 0.1 0.2 0.3 0.1 0.2 0.2 0.3 0.3 0.2 0.2 0.0 0.4 0.0 0.1
9 0.0 0.4 0.2 0.4 0.4 0.0 0.3 0.4 0.3 0.1 0.3 0.3 0.3 0.1 0.1 0.1 0.5 0.4 0.1 0.1 0.3 0.2 0.1 0.0
10 0.0 0.2 0.1 0.0 0.2 0.3 0.1 0.3 0.3 0.1 0.3 0.0 0.4 0.1 0.2 0.0 0.2 0.1 0.2 0.3 0.5 0.4 0.5 0.4
10 0.5 0.0 0.1 0.0 0.3 0.5 0.3 0.2 0.1 0.0 0.0 0.5 0.1 0.2 0.2 0.3 0.2 0.3 0.0 0.1 0.0 0.5 0.2 0.2
10 0.2 0.4 0.0 0.4 0.5 0.3 0.4 0.1 0.1 0.3 0.2 0.2 0.3 0.1 0.3 0.1 0.4 0.2 0.0 0.2 0.5 0.3 0.1 0.3
10 0.3 0.1 0.1 0.0 0.1 0.1 0.2 0.4 0.1 0.1 0.2 0.4 0.0 0.2 0.3 0.3 0.3 0.1 0.4 0.3 0.1 0.0 0.3 0.1
10 0.4 0.1 0.2 0.1 0.0 0.3 0.3 0.1 0.1 0.3 0.3 0.3 0.2 0.0 0.1 0.4 0.0 0.1 0.0 0.2 0.2 0.3 0.5 0.3
10 0.3 0.4 0.2 0.1 0.1 0.0 0.3 0.5 0.4 0.4 0.2 0.3 0.2 0.0 0.3 0.1 0.3 0.1 0.3 0.3 0.4 0.3 0.2 0.3
10 0.3 0.1 0.3 0.1 0.4 0.2 0.0 0.3 0.5 0.1 0.1 0.2 0.5 0.4 0.5 0.4 0.1 0.2 0.3 0.4 0.1 0.3 0.2 0.1
10 0.4 0.1 0.3 0.1 0.3 0.3 0.5 0.0 0.1 0.3 0.3 0.3 0.3 0.1 0.3 0.2 0.3 0.4 0.5 0.2 0.3 0.2 0.1 0.4
10 0.3 0.3 0.1 0.3 0.0 0.3 0.2 0.3 0.0 0.5 0.5 0.3 0.2 0.3 0.3 0.1 0.2 0.5 0.4 0.5 0.2 0.1 0.1 0.1
10 0.4 0.3 0.0 0.3 0.1 0.3 0.3 0.3 0.4 0.0 0.0 0.3 0.4 0.4 0.3 0.1 0.4 0.1 0.2 0.5 0.0 0.5 0.1 0.4
10 0.3 0.5 0.4 0.0 0.3 0.1 0.1 0.2 0.5 0.4 0.0 0.2 0.5 0.3 0.3 0.3 0.3 0.3 0.3 0.1 0.1 0.4 0.4 0.1
10 0.1 0.3 0.2 0.4 0.4 0.4 0.1 0.1 0.4 0.3 0.1 0.0 0.2 0.4 0.5 0.3 0.4 0.5 0.5 0.1 0.1 0.2 0.4 0.5
10 0.0 0.3 0.1 0.1 0.3 0.1 0.3 0.4 0.0 0.0 0.3 0.2 0.0 0.2 0.3 0.2 0.1 0.4 0.1 0.3 0.3 0.1 0.4 0.4
10 0.1 0.5 0.3 0.4 0.1 0.3 0.1 0.4 0.1 0.0 0.5 0.1 0.0 0.0 0.4 0.0 0.3 0.1 0.4 0.5 0.3 0.4 0.3 0.1
10 0.3 0.3 0.0 0.5 0.1 0.1 0.1 0.1 0.3 0.4 0.3 0.0 0.1 0.1 0.0 0.1 0.1 0.2 0.3 0.5 0.5 0.2 0.3 0.3
10 0.1 0.0 0.5 0.3 0.4 0.1 0.4 0.0 0.4 0.3 0.3 0.4 0.1 0.2 0.3 0.0 0.5 0.1 0.0 0.4 0.2 0.4 0.2 0.1
10 0.3 0.5 0.1 0.5 0.1 0.5 0.1 0.3 0.4 0.2 0.4 0.3 0.1 0.1 0.4 0.4 0.0 0.1 0.1 0.1 0.3 0.0 0.4 0.5
10 0.4 0.1 0.0 0.4 0.1 0.3 0.3 0.1 0.3 0.3 0.1 0.5 0.1 0.3 0.5 0.3 0.2 0.0 0.3 0.2 0.2 0.5 0.5 0.5
10 0.4 0.1 0.3 0.3 0.4 0.3 0.0 0.1 0.2 0.4 0.3 0.3 0.2 0.2 0.3 0.3 0.1 0.1 0.0 0.3 0.4 0.3 0.0 0.1
10 0.3 0.1 0.4 0.0 0.3 0.3 0.1 0.0 0.0 0.3 0.3 0.0 0.3 0.0 0.0 0.1 0.3 0.3 0.4 0.0 0.4 0.4 0.4 0.4
10 0.3 0.1 0.5 0.2 0.3 0.5 0.5 0.4 0.5 0.3 0.0 0.3 0.1 0.3 0.0 0.4 0.2 0.4 0.4 0.0 0.0 0.3 0.5 0.1
10 0.1 0.1 0.1 0.4 0.2 0.1 0.0 0.3 0.3 0.1 0.3 0.3 0.1 0.1 0.0 0.3 0.5 0.1 0.3 0.2 0.1 0.0 0.1 0.1
10 0.4 0.4 0.1 0.5 0.4 0.1 0.3 0.1 0.1 0.1 0.4 0.0 0.1 0.2 0.1 0.3 0.5 0.5 0.5 0.0 0.0 0.2 0.0 0.0
10 0.3 0.0 0.3 0.1 0.3 0.4 0.1 0.4 0.3 0.3 0.2 0.2 0.3 0.1 0.2 0.1 0.2 0.1 0.0 0.3 0.2 0.1 0.4 0.0
<robot setup times>
1 0.2 0.0 0.3 0.4 0.1 0.4 0.0 0.3 0.3 0.4
2 0.0 0.0 0.3 0.0 0.3 0.1 0.2 0.2 0.3 0.3
3 0.3 0.2 0.1 0.1 0.1 0.3 0.0 0.0 0.5 0.4
4 0.3 0.3 0.3 0.3 0.1 0.3 0.4 0.3 0.2 0.3
5 0.0 0.3 0.1 0.4 0.1 0.1 0.3 0.5 0.1 0.3
6 0.4 0.2 0.3 0.2 0.2 0.0 0.4 0.4 0.3 0.1
7 0.3 0.3 0.1 0.2 0.4 0.3 0.0 0.5 0.3 0.3
8 0.0 0.3 0.1 0.5 0.5 0.3 0.3 0.1 0.3 0.3
9 0.2 0.1 0.3 0.3 0.3 0.5 0.1 0.4 0.5 0.3
10 0.1 0.1 0.5 0.2 0.0 0.2 0.5 0.3 0.2 0.1
11 0.5 0.2 0.3 0.5 0.3 0.0 0.3 0.1 0.1 0.1
12 0.0 0.3 0.4 0.4 0.5 0.3 0.4 0.4 0.1 0.3
13 0.4 0.3 0.2 0.0 0.1 0.5 0.3 0.3 0.1 0.3
14 0.3 0.5 0.2 0.3 0.3 0.2 0.1 0.0 0.1 0.4
15 0.1 0.2 0.3 0.4 0.3 0.2 0.2 0.3 0.4 0.0
16 0.0 0.3 0.0 0.0 0.3 0.1 0.5 0.3 0.4 0.3
17 0.2 0.1 0.2 0.2 0.1 0.3 0.1 0.4 0.1 0.1
18 0.3 0.5 0.1 0.5 0.5 0.3 0.2 0.2 0.2 0.2
19 0.0 0.4 0.3 0.5 0.4 0.1 0.3 0.2 0.3 0.0
20 0.2 0.0 0.5 0.2 0.4 0.4 0.2 0.5 0.1 0.2
21 0.4 0.1 0.5 0.1 0.1 0.5 0.1 0.1 0.3 0.5
22 0.0 0.3 0.0 0.2 0.4 0.2 0.4 0.3 0.5 0.4
23 0.5 0.1 0.1 0.3 0.4 0.3 0.3 0.1 0.3 0.1
24 0.1 0.5 0.4 0.1 0.3 0.1 0.3 0.3 0.2 0.4
<end>