<number of tasks>
9
<number of mated-station>
3
<type of the robots>
6
<limit of the robots>
1 1
2 1
3 1
4 1
5 1
6 1
<task times>
1 2 2 2 2 2 2
2 2 4 3 3 3 4
3 2 2 2 2 2 2
4 3 3 2 3 3 2
5 1 1 1 1 1 1
6 1 1 1 1 1 1
7 2 2 2 2 2 2
8 2 2 2 2 2 2
9 1 1 1 1 1 1
<task directions>
1 L
2 R
3 E
4 L
5 R
6 E
7 E
8 L
9 E
<precedence relations>
1,4
2,5
2,6
3,6
4,7
5,7
5,8
6,9
<Sequence-dependent setup time between tasks by robots>
1 0.0 0.2 0.1 0.2 0.2 0.0 0.2 0.1 0.0
1 0.2 0.0 0.1 0.1 0.0 0.1 0.2 0.1 0.2
1 0.0 0.1 0.0 0.1 0.0 0.1 0.0 0.1 0.1
1 0.1 0.0 0.1 0.0 0.1 0.2 0.1 0.1 0.0
1 0.2 0.2 0.1 0.1 0.0 0.1 0.1 0.2 0.1
1 0.2 0.1 0.1 0.0 0.1 0.0 0.2 0.1 0.0
1 0.1 0.2 0.1 0.0 0.1 0.1 0.0 0.1 0.2
1 0.2 0.1 0.0 0.1 0.2 0.1 0.1 0.0 0.2
1 0.0 0.1 0.0 0.1 0.1 0.1 0.1 0.1 0.0
2 0.0 0.0 0.2 0.1 0.2 0.1 0.1 0.0 0.1
2 0.0 0.0 0.0 0.2 0.2 0.1 0.2 0.1 0.2
2 0.1 0.1 0.0 0.1 0.2 0.1 0.1 0.0 0.1
2 0.1 0.1 0.1 0.0 0.2 0.1 0.1 0.1 0.1
2 0.2 0.1 0.0 0.2 0.0 0.1 0.1 0.0 0.2
2 0.1 0.1 0.1 0.0 0.1 0.0 0.0 0.2 0.1
2 0.1 0.2 0.1 0.0 0.1 0.1 0.0 0.1 0.0
2 0.1 0.0 0.0 0.2 0.1 0.0 0.1 0.0 0.1
2 0.1 0.2 0.2 0.1 0.2 0.1 0.1 0.2 0.0
3 0.0 0.0 0.1 0.1 0.1 0.0 0.1 0.0 0.2
3 0.1 0.0 0.2 0.0 0.1 0.0 0.1 0.1 0.1
3 0.2 0.1 0.0 0.1 0.1 0.0 0.1 0.0 0.2
3 0.2 0.1 0.0 0.0 0.1 0.1 0.1 0.0 0.1
3 0.0 0.1 0.1 0.0 0.0 0.1 0.1 0.1 0.2
3 0.1 0.0 0.0 0.2 0.2 0.0 0.0 0.2 0.1
3 0.1 0.1 0.1 0.0 0.1 0.1 0.0 0.1 0.0
3 0.2 0.1 0.2 0.1 0.0 0.1 0.2 0.0 0.1
3 0.1 0.1 0.2 0.2 0.1 0.0 0.1 0.1 0.0
4 0.0 0.2 0.1 0.2 0.2 0.1 0.2 0.1 0.0
4 0.1 0.0 0.1 0.1 0.1 0.1 0.0 0.1 0.1
4 0.1 0.0 0.0 0.2 0.1 0.1 0.2 0.1 0.2
4 0.1 0.2 0.2 0.0 0.2 0.2 0.2 0.1 0.1
4 0.1 0.1 0.1 0.1 0.0 0.1 0.2 0.2 0.2
4 0.1 0.1 0.0 0.2 0.0 0.0 0.1 0.1 0.1
4 0.0 0.2 0.2 0.0 0.1 0.2 0.0 0.2 0.1
4 0.0 0.1 0.0 0.1 0.0 0.1 0.1 0.0 0.2
4 0.1 0.2 0.0 0.0 0.2 0.0 0.0 0.0 0.0
5 0.0 0.1 0.0 0.1 0.0 0.0 0.0 0.1 0.0
5 0.1 0.0 0.2 0.1 0.1 0.1 0.1 0.0 0.1
5 0.1 0.0 0.0 0.0 0.2 0.2 0.1 0.0 0.2
5 0.1 0.0 0.2 0.0 0.2 0.1 0.0 0.0 0.0
5 0.1 0.2 0.1 0.1 0.0 0.1 0.1 0.2 0.1
5 0.1 0.2 0.1 0.0 0.1 0.0 0.1 0.2 0.2
5 0.1 0.1 0.1 0.2 0.2 0.1 0.0 0.1 0.2
5 0.1 0.0 0.1 0.0 0.1 0.1 0.2 0.0 0.2
5 0.0 0.1 0.1 0.1 0.1 0.0 0.1 0.2 0.0
6 0.0 0.1 0.1 0.2 0.0 0.1 0.1 0.2 0.1
6 0.1 0.0 0.1 0.1 0.1 0.0 0.2 0.1 0.1
6 0.2 0.0 0.0 0.1 0.2 0.1 0.1 0.2 0.0
6 0.0 0.0 0.1 0.0 0.2 0.1 0.1 0.0 0.2
6 0.1 0.1 0.1 0.1 0.0 0.1 0.1 0.0 0.2
6 0.2 0.1 0.2 0.1 0.0 0.0 0.2 0.2 0.2
6 0.1 0.1 0.1 0.0 0.1 0.2 0.0 0.0 0.2
6 0.0 0.1 0.2 0.1 0.1 0.1 0.2 0.0 0.2
6 0.2 0.0 0.0 0.0 0.2 0.1 0.2 0.1 0.0
<robot setup times>
1 0.2 0.1 0.2 0.1 0.2 0.1
2 0.0 0.0 0.1 0.0 0.1 0.0
3 0.1 0.2 0.0 0.1 0.1 0.1
4 0.1 0.2 0.2 0.2 0.2 0.1
5 0.1 0.1 0.1 0.2 0.1 0.1
6 0.1 0.2 0.0 0.2 0.1 0.2
7 0.0 0.1 0.1 0.2 0.2 0.2
8 0.2 0.0 0.1 0.0 0.0 0.2
9 0.2 0.0 0.1 0.2 0.2 0.1
<end>