<number of tasks>
16
<number of mated-station>
3
<type of the robots>
6
<limit of the robots>
1 1
2 1
3 1
4 1
5 1
6 1
<task times>
1 5 6 6 6 7 7
2 6 5 5 4 5 4
3 2 2 2 2 2 2
4 8 9 8 9 11 8
5 7 7 8 9 9 9
6 4 4 4 4 4 5
7 7 7 6 7 6 8
8 4 4 4 4 4 5
9 4 5 5 6 4 5
10 3 4 4 4 4 4
11 5 7 6 6 5 6
12 5 5 6 5 6 6
13 7 6 5 7 7 7
14 4 4 4 4 3 5
15 3 3 3 3 3 3
16 4 4 4 4 4 4
<task directions>
1 E
2 E
3 L
4 E
5 R
6 L
7 E
8 E
9 R
10 R
11 E
12 L
13 E
14 E
15 E
16 E
<precedence relations>
1,3
1,4
2,5
3,6
4,7
5,7
6,8
7,8
7,9
7,10
8,11
9,12
9,13
10,13
11,14
11,15
12,15
13,16
<Sequence-dependent setup time between tasks by robots>
1 0.0 1.2 0.5 0.0 0.9 0.1 0.7 0.9 1.0 0.5 0.0 0.1 0.5 0.0 0.3 0.8
1 0.8 0.0 1.2 0.7 0.2 0.0 0.4 1.3 0.2 1.4 0.9 1.3 0.8 0.7 1.0 0.6
1 0.8 0.7 0.0 0.9 1.0 0.7 0.9 0.3 1.1 0.5 0.8 0.7 0.9 0.9 0.1 0.5
1 0.6 1.4 0.1 0.0 1.1 1.3 0.8 1.1 0.7 0.7 0.9 1.3 0.4 0.0 0.1 1.1
1 1.4 1.2 0.0 0.0 0.0 1.2 1.4 1.1 0.5 0.5 1.4 0.4 1.3 0.0 1.4 0.4
1 0.5 0.8 0.4 0.6 1.3 0.0 1.4 0.1 1.4 0.5 0.4 1.1 0.4 0.5 1.3 0.5
1 0.9 0.1 0.8 0.1 1.4 1.2 0.0 0.8 0.5 0.1 0.1 0.5 0.7 0.8 0.8 0.9
1 0.5 0.1 0.5 0.8 0.5 0.2 0.2 0.0 0.8 0.6 1.4 0.8 0.8 0.4 1.2 0.7
1 0.3 1.1 0.1 1.0 1.1 0.6 0.2 0.9 0.0 0.5 1.4 1.2 1.0 0.9 0.7 0.5
1 0.8 1.4 1.4 1.4 1.1 0.5 0.8 0.2 0.4 0.0 0.2 1.1 0.5 0.2 0.8 0.5
1 0.4 1.4 0.5 0.2 0.9 0.9 0.4 0.4 0.6 1.0 0.0 0.2 0.3 1.2 0.1 1.2
1 0.9 0.5 0.2 0.9 0.4 0.0 1.1 0.5 0.1 0.3 0.8 0.0 1.4 0.2 0.3 1.2
1 0.5 1.2 0.5 0.1 1.1 0.8 0.3 0.2 1.0 0.5 1.2 1.4 0.0 0.3 1.0 0.1
1 1.4 0.4 0.8 0.5 1.3 1.1 0.3 1.4 0.3 1.3 0.6 0.8 0.7 0.0 0.2 1.1
1 1.2 0.6 1.4 0.1 0.8 0.2 1.2 0.0 0.5 0.3 0.4 0.6 0.1 0.5 0.0 0.1
1 1.1 0.1 0.1 0.9 0.3 0.8 0.2 0.9 1.2 1.4 0.1 0.8 0.8 0.8 1.0 0.0
2 0.0 1.0 0.7 1.4 1.4 1.2 1.1 0.0 0.1 0.1 0.4 1.3 0.4 1.1 0.9 0.7
2 0.7 0.0 0.4 1.4 0.0 1.3 0.0 0.1 0.1 0.0 1.3 0.5 0.1 1.4 0.3 1.1
2 0.5 0.8 0.0 1.0 0.1 1.0 0.5 1.3 0.5 0.7 0.6 1.4 1.4 1.2 1.4 0.2
2 0.1 0.8 0.0 0.0 0.5 0.8 0.0 0.4 0.0 0.1 1.1 0.1 0.8 0.8 0.8 1.0
2 0.4 0.9 0.9 0.9 0.0 0.0 0.5 1.4 0.5 0.8 0.8 0.2 0.6 0.5 1.4 0.2
2 0.4 0.3 0.5 0.0 0.1 0.0 0.6 0.8 1.4 0.5 0.5 0.1 0.8 0.2 0.5 0.0
2 0.5 1.3 0.2 0.9 0.1 0.7 0.0 0.1 0.2 0.4 0.9 0.5 1.2 0.1 0.5 1.4
2 0.0 0.8 0.6 0.3 0.1 0.8 0.4 0.0 0.2 0.8 0.8 0.7 0.7 0.3 0.1 0.3
2 1.0 1.1 1.4 0.5 0.0 0.1 0.7 0.4 0.0 0.5 0.4 0.1 0.2 1.1 0.9 0.6
2 0.6 1.4 1.4 1.0 0.1 1.0 0.0 0.1 1.4 0.0 0.1 0.0 0.5 1.4 1.4 0.3
2 0.1 1.3 1.4 1.1 0.7 0.1 1.3 0.8 0.8 1.4 0.0 0.2 1.4 1.4 1.2 0.5
2 1.3 0.2 0.1 0.8 0.7 0.3 0.6 1.4 0.9 1.1 1.1 0.0 0.0 1.2 0.5 0.4
2 0.7 0.4 0.0 1.4 0.6 0.5 0.3 1.4 1.1 1.1 0.1 0.1 0.0 0.4 1.3 0.4
2 1.4 0.6 0.9 0.4 1.3 0.5 0.1 0.3 0.8 0.7 1.4 1.1 1.4 0.0 1.2 1.4
2 1.1 0.7 0.8 1.4 0.5 0.0 1.0 0.3 0.2 0.2 1.1 1.4 0.4 0.1 0.0 0.4
2 0.2 1.4 0.6 0.9 0.5 0.1 0.2 0.4 1.4 1.3 1.3 1.1 1.0 0.0 1.2 0.0
3 0.0 1.3 0.1 0.9 0.3 1.2 0.1 1.1 1.2 0.3 0.5 1.3 0.7 1.4 0.4 0.2
3 1.4 0.0 1.4 0.8 0.4 1.0 0.7 0.1 0.6 0.5 0.5 1.0 0.8 0.5 0.0 0.7
3 0.3 0.5 0.0 1.4 1.0 0.9 0.3 0.8 1.4 0.0 0.0 1.1 0.4 0.9 0.5 0.2
3 1.4 1.0 0.5 0.0 0.5 0.1 0.1 0.8 0.7 0.7 0.1 0.5 0.9 0.4 0.9 1.4
3 0.7 1.4 0.7 0.1 0.0 0.2 0.8 0.9 1.4 0.0 0.9 0.4 0.9 0.8 1.1 1.0
3 0.8 0.9 0.0 0.3 1.4 0.0 0.2 0.6 0.2 0.5 1.1 1.0 0.4 0.4 0.7 1.4
3 0.1 1.1 1.1 1.2 0.6 1.0 0.0 0.8 0.6 0.8 1.1 1.0 0.3 1.1 0.7 0.0
3 1.1 0.3 1.1 1.1 0.3 0.2 0.4 0.0 0.9 0.7 0.6 1.1 0.1 0.8 0.6 0.2
3 0.0 0.5 0.5 0.1 0.7 0.1 0.8 1.3 0.0 0.8 1.3 0.1 1.0 0.5 0.1 1.0
3 1.1 1.3 1.1 0.5 0.3 1.1 0.0 0.7 1.1 0.0 0.5 1.0 0.9 0.8 1.0 0.7
3 0.5 0.9 0.6 0.1 1.3 0.5 0.3 1.1 1.2 0.8 0.0 1.3 0.1 1.1 0.2 1.0
3 1.4 0.5 1.2 1.1 0.5 0.8 0.1 0.5 0.7 0.4 0.5 0.0 0.2 1.1 1.3 0.7
3 0.8 0.5 0.0 0.2 1.0 0.1 1.1 0.4 1.4 0.5 0.0 0.6 0.0 0.4 1.2 1.1
3 0.1 0.8 0.3 1.4 1.0 1.3 0.4 0.8 0.5 0.1 0.0 1.2 1.4 0.0 1.3 1.4
3 1.0 1.0 1.4 1.4 0.8 0.5 1.1 1.4 0.8 1.3 0.8 1.0 0.2 0.5 0.0 0.1
3 1.1 0.7 1.1 0.3 0.7 0.6 1.1 1.3 0.3 0.2 1.1 0.2 1.4 0.0 0.9 0.0
4 0.0 0.9 0.1 1.1 0.2 0.2 0.4 0.0 0.9 1.1 1.2 1.4 0.2 0.6 1.4 1.1
4 0.3 0.0 0.2 0.5 0.4 0.2 0.5 1.0 0.4 1.2 0.1 0.0 1.4 1.0 0.0 0.8
4 1.0 0.2 0.0 1.1 0.1 0.9 0.5 1.4 0.8 1.2 1.1 1.0 0.3 0.0 1.4 0.8
4 0.8 0.2 1.4 0.0 0.2 1.1 0.2 0.8 0.7 0.4 0.5 1.1 1.4 1.4 1.4 1.4
4 0.5 1.1 0.5 0.9 0.0 1.1 1.3 1.1 0.6 1.3 0.0 1.4 0.6 1.1 0.1 0.9
4 0.7 0.5 1.0 0.0 1.2 0.0 1.3 1.4 0.8 0.8 1.3 0.6 1.1 1.4 0.0 1.1
4 0.1 0.8 1.3 0.7 1.0 0.5 0.0 0.3 0.5 0.2 0.0 0.9 1.1 1.1 0.6 0.0
4 1.3 0.8 0.1 0.8 0.7 0.9 1.3 0.0 0.2 1.2 1.4 0.1 0.3 1.0 0.4 1.0
4 0.8 0.5 0.8 0.1 0.0 0.2 0.5 1.1 0.0 0.8 1.3 1.1 1.0 0.6 1.0 0.3
4 0.8 1.1 0.2 0.9 0.7 1.4 0.0 0.5 0.5 0.0 0.5 1.4 0.1 0.2 1.4 1.3
4 1.1 0.9 0.1 0.4 0.1 0.8 1.1 1.2 0.5 1.3 0.0 0.7 0.4 0.7 1.0 0.8
4 1.3 0.2 1.3 0.6 0.4 0.1 1.4 0.6 0.8 0.4 0.8 0.0 1.3 1.3 0.3 0.0
4 1.0 1.3 1.4 0.0 1.4 0.8 0.7 1.1 1.3 0.8 1.2 0.9 0.0 0.5 1.4 0.1
4 0.4 1.0 0.5 1.3 1.1 0.1 1.2 0.1 1.3 1.4 0.9 0.8 0.1 0.0 0.4 0.5
4 0.5 0.1 0.8 1.2 0.1 0.1 0.8 0.7 0.0 1.3 0.6 0.4 0.7 1.1 0.0 0.5
4 0.1 0.9 1.2 0.7 0.0 0.7 1.1 0.6 0.0 0.9 0.6 0.4 0.2 1.1 1.2 0.0
5 0.0 1.4 0.8 1.1 0.3 1.1 0.1 1.2 1.1 1.4 0.1 0.6 0.8 0.9 0.8 0.5
5 0.1 0.0 0.8 0.9 1.4 0.1 0.5 0.2 0.0 1.0 0.2 0.7 1.2 1.4 0.2 1.4
5 1.1 0.4 0.0 1.0 0.8 1.1 1.1 1.1 1.4 0.7 1.1 0.0 1.1 0.7 0.9 0.3
5 1.1 0.5 0.1 0.0 1.3 0.9 0.1 0.0 1.1 0.4 0.4 0.6 0.5 1.1 0.1 1.4
5 0.4 0.1 1.4 1.4 0.0 0.8 0.2 0.5 1.3 0.7 0.6 1.4 1.3 0.4 0.8 0.6
5 1.0 0.1 0.2 0.5 0.7 0.0 0.0 1.4 0.5 0.2 1.2 0.8 1.2 0.1 0.8 1.1
5 0.0 0.5 0.1 0.0 0.6 1.3 0.0 0.5 1.4 1.0 0.5 0.5 1.4 0.5 0.6 0.3
5 0.3 0.8 1.1 0.8 0.8 1.2 0.9 0.0 1.1 0.7 0.7 0.5 0.6 0.8 0.1 1.1
5 1.0 0.2 0.7 0.5 1.4 1.2 0.7 0.8 0.0 1.1 0.8 0.0 0.9 0.2 0.9 0.6
5 0.6 0.0 1.0 1.3 0.9 1.4 0.5 0.8 1.4 0.0 1.1 1.1 0.4 0.9 1.1 0.5
5 1.1 0.9 0.1 0.7 0.2 0.1 0.5 0.5 0.4 0.9 0.0 1.4 0.2 0.4 1.1 1.0
5 1.2 1.0 0.2 1.0 0.8 0.0 0.6 0.9 1.4 0.8 0.1 0.0 1.1 0.3 0.5 0.1
5 0.2 0.2 0.5 0.4 1.1 1.4 1.0 0.2 0.8 0.5 0.7 1.3 0.0 1.1 1.3 0.1
5 0.3 0.0 0.6 1.4 0.1 1.0 1.3 1.0 1.4 0.5 0.9 0.2 0.2 0.0 0.3 1.2
5 0.3 0.8 0.5 1.4 0.5 1.0 1.4 1.4 0.2 0.9 1.2 0.1 0.9 1.1 0.0 0.5
5 1.4 0.8 0.5 0.8 1.2 0.7 0.7 1.4 0.1 0.6 0.3 0.8 1.1 0.4 0.1 0.0
6 0.0 0.0 1.1 0.8 0.2 0.1 1.4 1.1 0.1 1.0 0.1 0.2 0.6 0.8 0.4 1.4
6 0.8 0.0 1.2 0.4 1.0 0.7 1.4 1.4 0.5 1.1 1.4 0.1 0.5 0.6 1.4 0.0
6 0.5 0.6 0.0 0.5 0.0 0.5 0.2 0.5 1.2 0.8 1.1 0.0 0.2 1.4 1.1 0.6
6 0.1 0.3 0.7 0.0 0.9 0.1 0.7 1.1 1.4 1.3 0.7 0.4 0.2 0.4 0.6 1.2
6 0.1 0.7 1.4 0.9 0.0 0.6 1.2 0.6 0.1 1.0 0.0 1.0 0.1 1.4 0.9 0.1
6 1.0 0.0 0.8 0.7 0.5 0.0 0.1 1.4 0.8 0.4 0.1 1.4 1.4 1.4 0.8 0.1
6 1.1 0.7 1.4 0.7 0.4 1.4 0.0 0.1 0.9 1.3 1.1 1.2 0.3 0.4 0.6 1.1
6 0.5 0.1 0.0 0.1 1.4 0.1 0.2 0.0 0.0 1.0 1.4 0.2 0.6 0.5 1.3 0.8
6 0.8 0.8 1.0 0.2 1.4 0.0 0.4 0.1 0.0 0.1 0.9 0.6 0.8 1.4 0.8 0.5
6 1.3 0.6 1.0 0.2 0.1 0.8 1.2 0.3 0.8 0.0 0.5 0.6 1.1 0.6 0.8 1.0
6 0.1 0.0 0.8 1.2 0.4 0.2 0.8 1.4 0.0 0.1 0.0 0.8 0.8 1.4 0.6 1.1
6 0.3 0.0 1.1 0.8 0.2 0.6 0.1 0.4 0.9 0.4 1.2 0.0 1.3 0.4 0.7 0.9
6 1.1 0.2 0.8 0.8 0.2 0.7 0.1 1.1 0.4 1.4 0.2 0.8 0.0 0.5 0.7 0.3
6 0.2 1.0 1.4 0.5 1.1 0.8 1.1 1.1 1.1 0.2 1.2 1.4 0.9 0.0 1.1 0.1
6 0.1 1.0 0.8 1.1 1.4 1.4 0.1 0.8 1.4 0.1 0.5 0.9 0.2 0.5 0.0 0.2
6 0.1 0.1 0.0 0.9 0.0 0.9 0.1 0.1 1.3 1.3 0.3 1.3 0.5 1.4 1.4 0.0
<robot setup times>
1 0.7 1.0 1.3 0.1 0.2 0.5
2 0.1 1.3 0.1 0.1 0.8 0.6
3 1.0 1.1 0.3 0.1 1.1 0.2
4 0.8 0.9 0.8 0.0 1.0 0.7
5 0.9 0.5 0.1 0.2 0.5 0.4
6 1.1 1.3 0.1 0.0 0.1 0.5
7 0.7 1.2 1.1 1.2 0.9 0.0
8 0.7 0.8 1.1 0.3 0.4 1.1
9 0.3 1.3 1.4 1.1 1.1 0.8
10 0.1 0.8 0.8 1.3 0.8 1.4
11 0.2 0.4 0.5 0.9 0.0 1.3
12 0.4 0.0 1.0 1.0 0.3 0.2
13 0.7 1.2 0.5 0.2 0.9 0.0
14 0.5 0.0 0.6 0.4 0.1 0.6
15 1.4 0.4 1.4 1.4 0.2 1.3
16 0.0 1.0 0.2 1.0 1.1 1.1
<end>