<number of tasks>
148
<number of mated-station>
7
<type of the robots>
14
<limit of the robots>
1 1
2 1
3 1
4 1
5 1
6 1
7 1
8 1
9 1
10 1
11 1
12 1
13 1
14 1
<task times>
1 13 17 17 17 18 19 18 15 18 14 16 13 18 14
2 30 25 33 36 26 28 25 32 36 24 25 25 28 32
3 8 8 7 7 8 8 7 8 7 7 6 7 6 8
4 53 49 45 41 52 55 39 51 45 55 41 41 38 42
5 25 28 33 25 24 32 30 29 24 29 26 26 33 31
6 9 9 10 9 7 9 9 9 7 9 9 7 6 10
7 42 46 35 44 39 40 35 33 34 44 37 37 32 39
8 40 32 33 41 32 36 40 37 37 38 43 38 33 32
9 35 35 33 31 34 37 29 27 38 30 29 34 33 28
10 34 34 23 23 33 27 26 28 29 33 32 30 29 33
11 19 14 20 18 19 15 14 17 14 18 18 15 20 15
12 9 10 10 9 12 11 10 11 13 9 11 12 13 9
13 37 27 33 35 30 35 28 26 36 36 37 27 26 28
14 12 15 16 18 16 18 15 13 18 16 13 16 15 16
15 55 56 57 50 55 62 58 50 46 49 45 61 57 55
16 54 58 52 46 58 46 59 45 59 55 56 51 49 50
17 9 7 8 8 7 9 9 9 9 7 6 9 7 9
18 25 20 24 20 24 23 29 24 28 26 27 28 20 26
19 20 19 20 26 25 21 26 20 24 20 28 23 24 29
20 8 9 8 8 9 7 10 7 7 9 8 8 7 9
21 7 7 7 7 8 6 6 7 6 7 8 8 6 8
22 8 9 7 8 8 7 10 9 8 7 8 8 9 7
23 16 13 14 14 14 16 11 12 12 14 12 12 15 13
24 15 12 11 15 15 11 11 11 11 11 11 13 13 15
25 11 9 10 8 8 8 11 8 9 11 10 9 8 12
26 21 29 29 30 21 20 28 21 28 25 24 21 28 26
27 9 11 11 11 10 9 11 10 10 10 10 9 9 9
28 25 25 27 25 25 28 26 29 26 21 23 25 23 25
29 9 9 13 9 13 9 13 9 11 9 11 12 10 11
30 32 25 27 34 26 23 31 31 28 29 32 29 26 30
31 28 29 24 29 27 23 21 20 23 28 23 30 28 21
32 10 11 10 9 8 11 12 10 11 9 11 9 8 10
33 15 13 11 14 15 14 15 14 13 15 12 15 17 13
34 37 35 37 46 44 41 45 41 37 36 33 34 39 42
35 34 45 47 38 50 38 40 48 40 44 45 40 40 50
36 44 40 51 52 38 40 55 44 48 40 44 39 48 38
37 6 6 6 8 7 7 6 7 7 8 7 7 6 6
38 85 79 87 78 88 77 67 72 92 74 80 84 82 70
39 8 7 7 6 6 8 8 8 7 7 6 8 8 7
40 46 36 36 34 41 38 44 43 35 46 39 38 35 38
41 44 53 56 44 42 42 45 48 41 50 54 38 40 38
42 13 14 17 14 16 16 13 14 19 16 17 14 15 17
43 34 35 34 34 29 37 32 35 28 29 33 32 38 34
44 71 54 62 65 74 65 64 79 74 78 78 62 68 71
45 66 70 77 84 76 80 81 78 88 84 95 66 83 69
46 8 6 6 8 8 8 6 6 7 7 6 6 7 7
47 36 33 36 35 37 45 33 44 38 49 33 43 36 45
48 15 14 13 14 15 15 14 14 13 15 11 11 15 15
49 44 38 40 56 55 40 44 47 45 45 45 55 49 45
50 33 37 39 30 28 33 27 29 27 40 32 32 38 39
51 36 35 27 27 34 37 39 30 35 40 29 29 31 36
52 11 11 10 11 13 11 9 10 13 10 13 12 13 10
53 103 109 106 113 98 135 107 133 113 114 129 116 129 131
54 24 22 24 27 24 28 21 25 21 30 27 26 28 24
55 6 8 7 6 6 6 8 6 6 7 7 6 7 8
56 32 31 28 27 22 27 26 28 31 24 29 29 25 24
57 12 14 10 10 11 12 12 11 12 10 14 11 11 12
58 45 58 44 46 52 43 58 57 51 50 58 61 62 59
59 12 12 13 15 16 12 13 13 12 15 15 13 15 13
60 3 3 2 3 2 3 3 3 3 3 3 3 3 3
61 3 3 3 3 3 2 3 3 3 3 2 3 4 3
62 7 7 7 7 8 8 9 8 7 7 9 8 8 8
63 17 17 15 15 16 18 16 15 13 14 16 16 13 18
64 27 27 37 26 30 30 31 29 27 27 37 37 39 39
65 8 9 9 9 7 7 7 8 9 8 8 9 9 9
66 21 15 20 19 22 18 18 18 19 15 16 17 19 17
67 9 10 11 10 11 10 9 10 12 10 10 9 9 9
68 11 15 14 14 16 12 12 17 14 15 14 13 11 14
69 23 24 24 25 23 27 28 30 28 27 26 28 31 25
70 13 11 11 10 11 11 10 13 11 10 9 10 10 12
71 107 117 118 107 134 128 120 121 96 104 114 137 102 125
72 28 22 22 25 25 21 27 24 27 30 24 21 22 27
73 46 47 35 36 47 48 37 39 40 47 43 40 37 34
74 40 39 36 48 35 47 34 46 35 33 37 38 48 33
75 116 91 92 107 82 109 82 117 84 94 101 92 91 94
76 5 4 6 5 5 5 4 6 4 5 5 5 5 6
77 29 29 33 30 27 24 24 26 32 30 23 22 26 29
78 7 10 9 8 8 9 6 9 7 8 9 7 8 7
79 110 95 92 95 97 106 115 115 127 132 109 109 120 91
80 6 6 6 6 6 8 7 8 6 7 6 6 7 8
81 22 29 23 28 24 30 22 30 29 22 30 22 30 22
82 9 9 9 9 12 9 10 11 9 9 8 12 8 10
83 23 23 25 18 22 19 18 24 22 17 24 25 23 22
84 24 26 22 28 23 26 25 27 29 29 24 27 22 21
85 20 24 17 23 20 21 18 22 18 17 20 17 17 19
86 25 24 17 24 20 22 23 19 19 17 20 22 25 20
87 54 43 53 47 53 47 48 54 40 49 51 41 51 54
88 19 22 26 22 20 22 25 19 19 19 25 25 23 22
89 12 13 12 13 15 16 11 11 14 12 15 15 12 13
90 19 19 16 16 19 18 22 20 17 18 16 17 19 21
91 94 123 131 111 113 98 121 126 132 104 118 118 107 119
92 30 38 31 35 35 38 32 39 29 41 40 31 29 37
93 30 31 30 30 30 28 29 26 21 31 23 30 25 31
94 49 44 49 51 52 44 44 51 47 38 48 43 48 41
95 18 20 23 16 22 19 24 17 23 17 19 24 21 19
96 28 34 28 26 28 31 30 27 32 29 27 27 32 25
97 16 16 16 20 15 21 16 21 23 18 18 16 18 19
98 38 34 33 32 37 29 29 38 35 33 30 39 37 30
99 56 50 47 55 44 54 43 54 51 45 45 42 59 58
100 40 31 45 37 46 33 36 39 35 37 33 46 42 38
101 35 35 36 30 36 34 28 34 34 29 32 28 35 28
102 25 29 29 30 29 30 26 28 21 21 31 28 25 31
103 11 11 13 15 15 13 13 12 13 14 12 11 15 12
104 40 47 38 43 52 46 37 41 43 53 44 52 49 47
105 67 63 51 54 53 55 56 64 64 54 47 48 56 55
106 28 32 33 30 27 31 24 29 23 32 25 25 29 31
107 10 8 8 8 9 7 8 6 8 7 9 7 9 7
108 48 37 42 51 41 46 39 46 47 45 49 37 47 46
109 33 35 37 44 42 34 45 46 36 35 33 44 37 46
110 40 28 33 31 38 34 40 35 33 31 39 30 34 40
111 19 25 25 20 27 20 27 27 26 22 23 26 23 26
112 165 147 181 162 145 174 156 178 164 137 188 170 172 161
113 11 13 13 12 9 12 10 11 12 12 10 11 9 9
114 18 21 16 17 21 16 19 15 21 21 20 18 16 17
115 12 14 12 17 15 11 14 13 12 14 16 14 14 13
116 34 35 28 26 26 28 37 30 35 32 33 32 32 33
117 36 37 26 31 33 31 33 33 37 27 37 32 31 28
118 24 31 30 22 28 27 24 22 27 26 23 31 24 27
119 55 47 66 61 57 50 63 54 54 49 44 51 60 58
120 30 28 25 29 27 27 37 30 32 33 28 32 27 32
121 31 34 37 36 34 26 31 27 29 27 34 32 34 30
122 29 27 26 26 25 22 21 28 23 23 22 26 31 24
123 21 22 18 21 17 20 17 19 21 19 22 17 21 22
124 16 15 14 14 17 13 13 11 12 16 13 14 14 11
125 15 16 21 22 20 21 16 17 20 22 22 19 16 22
126 45 54 40 45 54 50 40 47 39 50 54 49 49 42
127 65 46 62 53 48 46 65 50 63 50 47 52 55 52
128 9 7 9 9 7 7 9 9 7 7 8 8 8 9
129 12 11 12 12 10 11 13 11 10 9 13 12 12 12
130 22 29 25 26 24 30 30 22 24 24 31 24 32 23
131 15 19 21 18 15 21 21 20 17 16 19 18 15 16
132 34 33 35 35 43 38 41 34 39 36 33 35 39 40
133 24 23 21 19 21 26 27 20 19 20 26 20 26 25
134 23 17 22 17 16 23 17 18 17 23 16 18 20 20
135 53 50 42 40 37 46 39 43 46 52 54 45 44 43
136 73 56 71 63 60 68 64 52 58 56 68 56 75 56
137 18 18 26 24 23 18 25 26 19 18 24 25 19 24
138 13 16 17 14 14 14 12 17 14 16 18 18 13 13
139 32 34 31 29 28 39 41 31 30 31 31 28 39 38
140 20 22 20 26 26 24 20 24 24 24 26 19 23 24
141 131 143 136 174 145 154 133 164 172 129 136 140 133 162
142 140 172 172 122 166 173 174 124 138 153 173 171 139 169
143 68 54 56 71 76 59 70 52 73 56 72 76 61 55
144 201 148 140 159 138 175 193 190 146 147 174 137 165 204
145 142 133 113 118 125 149 123 129 148 118 134 116 155 136
146 52 68 53 62 72 63 69 54 76 73 66 76 69 61
147 86 91 64 86 65 79 84 81 68 68 65 80 68 85
148 63 63 68 78 63 67 84 79 67 84 63 77 69 89
<task directions>
1 E
2 E
3 E
4 E
5 E
6 E
7 E
8 E
9 E
10 E
11 E
12 E
13 E
14 E
15 L
16 R
17 E
18 L
19 R
20 E
21 R
22 L
23 L
24 R
25 R
26 R
27 L
28 L
29 E
30 R
31 E
32 L
33 R
34 L
35 R
36 R
37 R
38 R
39 R
40 R
41 R
42 L
43 L
44 L
45 L
46 L
47 L
48 E
49 L
50 E
51 L
52 L
53 L
54 L
55 R
56 E
57 L
58 L
59 E
60 E
61 E
62 E
63 E
64 R
65 E
66 E
67 E
68 E
69 R
70 R
71 R
72 R
73 E
74 E
75 E
76 E
77 E
78 E
79 E
80 E
81 E
82 E
83 E
84 E
85 E
86 E
87 E
88 E
89 E
90 E
91 E
92 E
93 L
94 E
95 E
96 E
97 E
98 E
99 E
100 E
101 E
102 E
103 E
104 E
105 E
106 E
107 E
108 E
109 E
110 E
111 E
112 L
113 L
114 E
115 E
116 E
117 E
118 E
119 E
120 E
121 E
122 E
123 E
124 E
125 E
126 E
127 E
128 L
129 L
130 L
131 L
132 E
133 L
134 R
135 E
136 E
137 L
138 E
139 E
140 E
141 L
142 R
143 L
144 L
145 R
146 R
147 L
148 R
<precedence relations>
1,5
1,6
1,7
1,8
2,3
3,4
3,5
3,6
3,7
4,8
5,14
6,9
7,14
8,10
9,14
10,14
11,12
12,13
14,15
14,16
15,17
16,17
17,18
17,19
18,20
19,20
20,21
20,22
20,23
20,24
21,25
21,26
21,27
21,28
22,25
22,26
22,27
22,28
23,25
23,26
23,27
23,28
24,25
24,26
24,27
24,28
25,29
26,29
27,29
28,29
29,31
31,36
32,34
33,35
34,36
35,36
36,37
37,38
37,45
38,39
39,40
40,41
40,48
40,55
42,43
43,44
45,46
46,47
47,48
47,49
47,55
50,51
51,53
51,69
52,53
54,133
55,54
55,72
55,76
55,87
55,88
56,73
57,79
58,84
58,86
59,75
59,87
61,62
62,63
63,67
64,65
64,71
64,72
65,66
65,99
66,67
67,68
68,95
68,98
69,82
70,71
72,134
73,84
73,86
73,87
73,88
73,96
74,75
75,88
75,97
76,77
77,78
78,79
79,80
80,81
81,106
82,83
82,89
82,143
82,146
84,85
88,111
89,90
90,79
91,105
92,135
95,101
96,104
98,101
99,100
100,101
101,102
101,103
102,127
103,127
105,119
106,107
107,108
108,109
109,110
111,112
112,113
113,114
113,116
113,120
113,123
113,128
114,115
115,125
116,117
117,118
118,126
120,121
121,122
122,126
123,124
124,125
128,129
129,130
130,131
130,137
132,135
133,135
134,135
135,136
138,139
139,140
141,142
142,143
142,146
142,147
142,148
144,145
145,147
145,148
<end>