<number of tasks>
148
<number of mated-station>
12
<type of the robots>
24
<limit of the robots>
1 1
2 1
3 1
4 1
5 1
6 1
7 1
8 1
9 1
10 1
11 1
12 1
13 1
14 1
15 1
16 1
17 1
18 1
19 1
20 1
21 1
22 1
23 1
24 1
<task times>
1 13 17 17 17 18 19 18 15 18 14 16 13 18 14 16 14 18 19 14 15 13 17 19 13
2 25 25 28 32 35 36 28 29 32 35 30 36 29 31 27 30 26 35 34 31 29 26 33 35
3 6 8 7 8 6 6 6 6 6 7 8 6 6 8 7 7 6 7 6 6 8 7 8 8
4 56 50 39 53 52 52 39 54 55 41 38 56 51 56 42 53 47 48 42 40 41 53 45 45
5 24 29 32 25 26 32 25 28 31 29 29 30 34 30 26 25 32 32 30 29 31 34 26 25
6 10 7 7 9 8 7 9 9 6 6 9 7 7 8 8 9 9 8 8 9 9 7 9 8
7 43 35 32 38 32 41 41 35 45 35 33 36 35 34 42 38 37 40 45 33 37 41 45 31
8 43 31 38 40 35 41 32 30 42 41 43 31 31 32 30 37 39 44 40 44 37 31 43 40
9 28 34 31 33 33 34 35 30 33 37 35 30 28 30 27 37 35 33 33 35 32 28 35 28
10 32 25 32 30 31 28 27 28 33 27 27 31 25 34 31 33 34 26 23 32 25 34 31 24
11 17 14 17 16 20 17 20 19 19 20 14 18 14 14 14 18 18 15 18 14 17 14 20 16
12 11 13 11 12 11 11 13 9 13 9 10 12 12 12 10 12 11 12 10 11 12 9 10 12
13 26 33 35 37 28 38 31 35 26 32 31 29 38 36 33 28 30 34 37 27 37 30 32 32
14 15 18 12 13 12 15 13 13 16 14 18 13 12 17 17 13 12 12 13 12 13 15 15 18
15 60 46 52 44 44 44 59 43 47 57 52 47 44 62 44 61 62 64 45 43 59 44 59 54
16 51 45 59 55 43 51 55 55 49 43 54 50 46 46 49 44 45 43 54 53 57 52 53 60
17 8 9 8 7 7 8 7 8 7 7 9 6 9 7 9 7 8 7 8 9 7 8 9 7
18 22 28 21 19 25 26 23 24 26 24 22 24 26 27 23 28 26 22 20 20 22 27 22 29
19 27 20 25 26 25 22 20 26 28 23 26 21 27 21 20 23 26 23 19 24 25 23 26 25
20 7 8 7 8 9 8 7 7 7 9 9 8 9 8 7 7 7 7 8 8 6 9 9 7
21 8 6 7 8 7 7 7 7 7 8 7 6 8 8 6 6 8 6 7 6 6 6 7 6
22 7 7 7 9 8 8 7 8 8 9 8 8 7 7 9 8 9 8 9 8 7 7 9 7
23 14 15 14 12 16 14 15 13 13 15 17 15 15 15 13 16 16 15 16 12 12 12 14 13
24 14 14 11 15 13 12 11 12 12 15 15 12 12 12 13 13 11 14 15 10 11 11 11 11
25 11 9 10 10 8 9 12 10 11 9 9 10 11 11 11 10 9 12 10 11 9 9 10 10
26 29 26 27 20 24 25 28 25 24 30 28 29 30 23 26 27 20 22 24 26 24 25 25 24
27 12 12 13 9 11 10 13 10 10 13 13 12 9 10 11 11 9 10 11 10 10 9 10 9
28 23 27 20 27 23 30 20 26 22 28 29 26 25 28 28 28 27 27 25 28 21 22 28 29
29 10 9 9 13 13 9 10 11 11 11 11 13 12 10 11 12 13 10 9 11 9 10 9 13
30 28 28 33 34 31 30 23 23 29 31 33 26 30 34 25 25 27 31 28 30 26 29 33 30
31 20 24 29 22 29 27 30 23 22 23 22 24 21 29 23 28 24 24 27 25 27 28 24 22
32 10 11 10 11 9 10 8 12 11 11 11 10 8 12 10 8 9 8 11 9 9 10 10 9
33 15 16 16 15 14 13 11 13 13 14 15 12 15 15 13 12 13 16 12 11 13 14 14 12
34 42 36 49 36 39 39 36 45 35 36 41 34 46 45 40 39 46 48 49 47 34 36 37 45
35 48 37 40 38 35 46 44 40 44 40 42 48 34 42 34 47 42 38 35 45 43 35 35 45
36 41 46 53 47 40 38 50 43 51 47 39 50 56 51 40 44 42 43 48 46 50 47 41 38
37 8 7 7 7 8 7 7 7 7 8 7 7 6 6 7 7 6 8 6 6 8 6 6 6
38 75 71 64 65 91 90 95 93 77 87 87 92 68 72 74 77 85 82 75 87 95 91 95 66
39 8 7 8 7 7 7 7 6 6 7 7 7 6 7 8 7 8 7 6 7 8 7 7 6
40 37 36 33 44 41 42 46 34 35 48 42 45 42 38 33 41 33 36 35 36 34 40 41 43
41 48 45 43 47 52 41 56 48 47 41 48 47 42 55 46 44 38 43 41 53 43 46 47 43
42 18 17 16 16 13 14 15 19 14 17 18 14 14 16 16 13 17 15 17 19 15 13 14 17
43 37 38 28 29 37 38 30 31 32 37 34 32 30 27 32 32 29 38 28 38 27 37 28 26
44 61 63 79 55 76 59 60 70 54 71 53 76 55 61 66 60 60 62 71 54 76 64 60 67
45 68 96 70 78 88 72 74 92 82 83 95 87 77 68 68 74 92 85 65 64 73 83 72 95
46 7 7 7 8 6 8 7 7 8 6 7 6 7 6 6 6 6 7 7 7 8 8 7 7
47 44 34 35 37 35 34 35 45 39 46 38 40 36 36 42 48 34 46 36 45 38 47 35 48
48 14 11 15 11 15 11 12 11 12 12 15 12 13 14 11 12 11 15 11 13 14 14 15 11
49 49 44 39 55 50 38 54 56 52 49 44 47 39 50 41 47 45 50 53 52 43 49 41 39
50 33 39 28 38 34 35 30 36 30 28 33 27 28 32 39 38 27 38 32 35 37 30 29 27
51 32 35 40 33 39 31 38 34 39 34 35 39 29 35 37 30 37 39 28 32 39 33 30 32
52 12 9 9 9 12 12 11 11 11 11 11 11 13 13 9 10 12 10 13 13 10 11 11 11
53 99 99 117 109 139 123 109 112 98 106 117 128 96 126 134 114 115 101 125 129 135 106 121 121
54 23 26 21 27 22 25 25 27 23 28 20 30 29 22 21 26 29 30 29 29 29 27 28 25
55 6 8 6 8 7 8 7 7 7 8 8 7 7 8 7 6 7 7 7 6 6 7 8 6
56 31 26 33 24 32 23 27 33 30 27 25 30 25 24 26 28 27 24 29 26 24 25 29 22
57 10 10 10 12 10 14 10 13 14 11 12 10 12 12 13 12 12 11 13 10 10 13 13 12
58 45 60 57 46 57 51 48 56 45 55 44 55 52 46 46 43 60 59 54 42 60 49 62 43
59 13 14 12 13 12 17 15 14 17 16 17 14 17 16 13 16 16 14 15 13 16 13 13 16
60 3 3 3 3 3 3 2 2 4 3 3 4 3 3 3 3 4 3 3 3 3 3 3 3
61 3 3 3 3 3 3 3 3 2 3 3 4 3 3 3 3 3 3 3 3 3 3 3 3
62 9 7 6 7 8 8 8 9 9 8 8 9 7 8 7 9 7 7 8 9 10 8 8 8
63 18 14 16 13 16 14 18 14 18 14 18 14 16 19 15 17 14 17 17 17 18 14 17 17
64 27 29 30 36 34 28 37 38 30 29 27 36 31 38 39 27 32 30 37 33 39 34 32 30
65 9 7 8 9 6 9 9 7 9 7 9 9 9 8 8 9 8 9 8 7 9 8 7 9
66 17 20 18 15 21 19 19 18 18 21 21 20 15 19 16 18 20 20 16 18 15 15 17 20
67 8 9 11 8 10 8 11 11 11 9 9 9 9 10 9 12 10 8 10 9 9 10 11 10
68 14 13 15 16 12 12 12 12 17 13 16 14 15 15 14 15 16 16 11 14 14 14 14 15
69 33 24 32 28 27 25 26 33 32 24 30 29 25 24 29 28 25 33 26 29 28 24 33 31
70 11 10 13 11 11 10 9 10 12 12 11 10 9 10 10 10 13 11 11 12 10 11 10 11
71 115 125 136 133 124 98 113 99 108 98 126 119 126 112 132 124 118 119 112 99 97 129 102 104
72 21 25 30 23 28 29 24 28 23 26 22 26 28 25 28 22 28 29 29 27 25 25 30 22
73 38 32 35 47 37 40 40 32 32 34 45 47 42 45 34 35 41 47 46 40 33 46 37 45
74 34 38 45 42 33 39 32 42 45 41 41 35 48 33 45 38 35 34 47 36 46 36 34 38
75 101 95 115 94 118 113 92 87 111 109 86 83 96 96 95 118 109 102 112 112 96 103 121 99
76 4 4 6 6 5 6 4 5 5 5 4 6 6 4 4 5 6 4 6 4 4 5 6 5
77 23 33 33 30 27 25 29 27 23 25 27 26 27 28 33 29 32 27 30 28 25 28 30 31
78 8 8 7 6 7 9 9 7 7 7 9 7 9 9 9 7 9 7 7 9 7 7 7 9
79 91 100 111 113 127 119 100 97 89 110 94 103 111 126 130 108 107 103 126 97 124 110 103 118
80 7 6 6 6 7 6 8 6 6 6 8 8 7 6 8 8 6 6 8 8 6 8 6 7
81 29 24 25 25 22 29 24 27 30 31 22 23 24 26 24 22 21 30 31 23 23 23 24 21
82 11 11 9 10 9 12 12 11 9 11 11 11 12 9 11 11 9 9 9 12 10 10 9 11
83 24 18 19 19 18 23 20 24 24 17 24 25 25 18 20 22 25 24 20 24 22 18 18 23
84 31 24 29 21 30 23 29 31 25 23 31 23 21 24 21 27 29 29 22 22 27 21 25 31
85 21 19 16 17 18 22 18 19 22 17 20 17 23 20 16 21 16 19 22 20 21 17 24 23
86 22 25 23 20 23 24 17 23 18 21 23 22 18 18 17 22 18 23 17 17 18 21 17 18
87 50 47 40 51 38 47 41 54 48 40 51 47 43 38 41 51 40 47 53 39 39 52 52 54
88 19 27 26 26 25 25 21 25 23 25 19 24 22 23 19 23 21 27 22 27 23 27 27 27
89 11 11 11 12 15 12 14 11 13 15 14 11 11 12 14 11 15 11 14 15 14 15 12 12
90 17 22 23 22 19 21 20 19 20 17 16 20 16 19 20 22 16 18 16 21 17 20 17 18
91 121 111 105 104 106 129 116 104 110 99 109 115 97 108 133 115 124 138 121 133 132 93 122 124
92 40 38 40 29 36 34 33 35 34 30 40 36 35 28 41 36 33 31 37 35 31 32 38 29
93 30 29 27 25 29 29 27 25 22 24 23 29 26 30 22 23 26 26 22 23 27 30 29 21
94 37 52 55 45 53 38 39 55 50 45 37 43 37 53 44 40 37 51 42 53 53 37 51 54
95 20 22 18 20 16 21 23 18 21 19 21 23 20 21 21 22 23 19 16 18 21 22 19 20
96 31 28 35 31 29 30 27 36 36 31 35 29 33 32 33 25 36 27 34 30 34 26 35 36
97 21 18 19 17 17 23 22 19 18 21 22 15 20 21 18 15 19 17 17 20 20 21 20 21
98 40 35 28 32 33 36 36 35 38 31 36 29 30 40 38 40 36 28 31 30 28 32 28 40
99 53 46 57 53 45 44 54 44 49 45 59 54 52 43 44 45 59 45 47 48 58 47 51 43
100 32 41 42 44 32 47 33 35 40 42 33 41 32 32 45 42 33 45 41 46 43 35 41 41
101 35 31 26 33 35 32 35 26 28 29 27 25 26 29 29 34 25 27 26 31 33 26 31 32
102 29 28 21 23 26 24 30 21 25 23 22 30 23 29 31 30 29 28 23 28 25 25 25 22
103 11 12 13 13 14 11 12 16 14 15 11 13 14 13 11 14 14 14 13 11 13 14 15 11
104 42 53 43 48 38 50 38 41 43 44 53 45 52 36 53 42 45 36 41 47 45 47 49 39
105 62 54 50 58 56 53 47 47 53 66 65 62 51 66 47 55 48 63 60 67 69 51 63 60
106 30 25 29 30 25 26 32 25 25 27 28 29 25 25 26 32 30 26 23 25 30 26 28 32
107 7 7 6 9 7 7 8 9 8 7 7 7 8 9 8 7 9 6 9 9 8 6 7 8
108 38 46 49 40 50 44 37 42 35 42 45 48 47 50 41 48 48 44 35 40 39 45 35 38
109 46 40 37 43 46 43 39 38 43 40 47 48 35 32 42 36 35 32 45 38 40 37 44 41
110 30 38 29 33 36 28 34 38 30 31 33 37 27 34 30 30 33 29 37 40 30 32 31 28
111 27 19 21 27 19 24 19 23 25 25 19 25 20 21 27 25 25 25 22 25 23 26 22 27
112 158 185 173 159 141 175 159 176 140 163 190 149 138 162 163 130 188 169 172 152 134 157 164 145
113 9 11 11 10 11 9 12 11 11 12 9 12 11 9 10 12 11 12 9 10 12 12 11 13
114 17 18 21 16 19 19 21 20 19 18 22 20 17 21 20 19 21 18 19 22 16 18 17 15
115 13 12 14 12 12 14 13 12 17 12 15 13 14 13 11 13 15 16 15 13 16 14 13 15
116 34 28 34 26 29 27 30 35 32 36 35 30 26 33 29 26 27 28 37 32 31 26 33 30
117 37 37 34 30 27 27 33 30 28 32 27 30 36 28 32 37 34 30 27 34 32 31 34 37
118 25 23 22 29 21 25 23 29 24 24 30 22 21 22 26 22 24 25 29 27 31 31 28 25
119 59 51 54 50 46 46 50 44 47 45 53 65 50 63 56 60 54 47 59 61 63 51 47 50
120 29 27 32 33 28 35 34 33 33 37 28 25 28 36 29 32 34 31 37 26 35 26 35 35
121 31 31 34 29 38 27 26 30 29 33 26 27 31 32 30 34 27 31 38 36 33 29 37 36
122 22 24 24 22 26 21 27 31 25 25 26 26 29 30 31 26 26 30 27 28 26 24 24 22
123 18 17 16 22 16 19 22 17 22 21 17 19 22 19 19 16 21 16 18 15 21 16 20 20
124 14 12 14 13 15 12 13 12 16 14 12 15 15 15 14 14 15 11 13 15 14 13 12 16
125 17 16 21 19 21 16 19 16 15 20 15 16 20 20 20 19 18 20 16 15 20 20 18 16
126 52 49 43 49 41 52 57 48 57 51 50 52 46 52 54 51 46 41 50 49 39 49 40 51
127 54 53 47 60 56 61 49 50 58 56 53 59 54 63 51 45 63 47 51 53 46 53 54 48
128 9 9 7 7 8 9 8 9 8 7 9 7 7 9 9 9 9 9 8 7 8 8 9 8
129 10 11 12 12 13 9 10 12 9 11 12 13 13 11 11 12 9 12 10 12 12 9 11 10
130 31 31 27 30 22 28 22 32 29 22 30 25 24 28 28 30 28 23 25 31 25 29 26 24
131 18 22 16 18 17 16 16 19 20 16 19 22 15 15 18 17 15 17 20 20 17 15 20 20
132 30 29 40 40 40 36 42 42 42 35 30 41 42 43 42 34 31 37 33 32 31 32 38 31
133 27 27 27 26 26 26 22 25 22 24 26 27 19 21 20 25 22 23 27 25 26 22 20 26
134 23 18 20 18 23 17 24 23 19 16 20 18 23 22 22 24 17 20 17 21 20 17 20 22
135 41 55 38 49 45 39 44 51 38 45 38 55 42 53 41 46 55 51 48 40 39 47 52 47
136 64 63 59 67 65 65 56 67 59 71 67 59 52 74 57 55 64 71 56 55 55 66 69 69
137 21 20 19 23 18 23 26 20 20 21 20 23 19 20 18 26 23 19 21 18 18 23 19 23
138 16 13 14 12 18 17 17 13 12 17 16 16 13 13 18 12 17 17 18 13 13 14 13 14
139 39 28 30 34 30 32 29 41 34 35 29 31 34 34 29 30 37 30 29 40 32 31 40 29
140 26 22 23 20 24 18 26 24 24 24 23 23 26 18 18 25 21 19 18 26 23 21 24 18
141 140 152 177 140 177 151 181 154 147 149 137 169 142 165 164 125 128 149 139 171 135 168 147 147
142 157 123 167 159 137 176 142 136 142 151 163 155 135 133 143 126 134 146 141 160 124 128 136 123
143 63 62 76 68 72 74 72 66 52 67 54 71 51 52 77 66 59 75 57 57 58 71 54 70
144 195 184 158 151 184 170 192 185 144 154 162 166 158 139 137 157 185 150 191 202 157 178 179 156
145 152 113 140 163 138 154 115 143 154 112 132 123 140 111 133 122 147 140 153 142 114 150 152 158
146 65 76 68 60 54 63 68 63 76 56 75 72 68 57 62 54 75 59 55 59 53 76 65 55
147 79 80 89 91 70 73 66 84 74 84 66 71 86 88 93 87 63 67 91 77 80 75 78 83
148 71 67 76 81 92 70 66 68 86 77 84 73 74 63 92 88 85 90 71 69 69 84 67 63
<task directions>
1 E
2 E
3 E
4 E
5 E
6 E
7 E
8 E
9 E
10 E
11 E
12 E
13 E
14 E
15 L
16 R
17 E
18 L
19 R
20 E
21 R
22 L
23 L
24 R
25 R
26 R
27 L
28 L
29 E
30 R
31 E
32 L
33 R
34 L
35 R
36 R
37 R
38 R
39 R
40 R
41 R
42 L
43 L
44 L
45 L
46 L
47 L
48 E
49 L
50 E
51 L
52 L
53 L
54 L
55 R
56 E
57 L
58 L
59 E
60 E
61 E
62 E
63 E
64 R
65 E
66 E
67 E
68 E
69 R
70 R
71 R
72 R
73 E
74 E
75 E
76 E
77 E
78 E
79 E
80 E
81 E
82 E
83 E
84 E
85 E
86 E
87 E
88 E
89 E
90 E
91 E
92 E
93 L
94 E
95 E
96 E
97 E
98 E
99 E
100 E
101 E
102 E
103 E
104 E
105 E
106 E
107 E
108 E
109 E
110 E
111 E
112 L
113 L
114 E
115 E
116 E
117 E
118 E
119 E
120 E
121 E
122 E
123 E
124 E
125 E
126 E
127 E
128 L
129 L
130 L
131 L
132 E
133 L
134 R
135 E
136 E
137 L
138 E
139 E
140 E
141 L
142 R
143 L
144 L
145 R
146 R
147 L
148 R
<precedence relations>
1,5
1,6
1,7
1,8
2,3
3,4
3,5
3,6
3,7
4,8
5,14
6,9
7,14
8,10
9,14
10,14
11,12
12,13
14,15
14,16
15,17
16,17
17,18
17,19
18,20
19,20
20,21
20,22
20,23
20,24
21,25
21,26
21,27
21,28
22,25
22,26
22,27
22,28
23,25
23,26
23,27
23,28
24,25
24,26
24,27
24,28
25,29
26,29
27,29
28,29
29,31
31,36
32,34
33,35
34,36
35,36
36,37
37,38
37,45
38,39
39,40
40,41
40,48
40,55
42,43
43,44
45,46
46,47
47,48
47,49
47,55
50,51
51,53
51,69
52,53
54,133
55,54
55,72
55,76
55,87
55,88
56,73
57,79
58,84
58,86
59,75
59,87
61,62
62,63
63,67
64,65
64,71
64,72
65,66
65,99
66,67
67,68
68,95
68,98
69,82
70,71
72,134
73,84
73,86
73,87
73,88
73,96
74,75
75,88
75,97
76,77
77,78
78,79
79,80
80,81
81,106
82,83
82,89
82,143
82,146
84,85
88,111
89,90
90,79
91,105
92,135
95,101
96,104
98,101
99,100
100,101
101,102
101,103
102,127
103,127
105,119
106,107
107,108
108,109
109,110
111,112
112,113
113,114
113,116
113,120
113,123
113,128
114,115
115,125
116,117
117,118
118,126
120,121
121,122
122,126
123,124
124,125
128,129
129,130
130,131
130,137
132,135
133,135
134,135
135,136
138,139
139,140
141,142
142,143
142,146
142,147
142,148
144,145
145,147
145,148
<end>