<number of tasks>
148
<number of mated-station>
10
<type of the robots>
20
<limit of the robots>
1 1
2 1
3 1
4 1
5 1
6 1
7 1
8 1
9 1
10 1
11 1
12 1
13 1
14 1
15 1
16 1
17 1
18 1
19 1
20 1
<task times>
1 13 17 17 17 18 19 18 15 18 14 16 13 18 14 16 14 18 19 14 15
2 25 32 36 24 25 25 28 32 35 36 28 29 32 35 30 36 29 31 27 30
3 6 8 8 7 7 6 8 8 6 8 7 8 6 6 6 6 6 7 8 6
4 39 52 48 46 39 47 42 42 53 50 54 55 56 50 39 53 52 52 39 54
5 34 25 23 35 31 34 26 33 29 30 26 24 25 33 28 28 24 29 32 25
6 7 9 7 8 9 8 8 8 9 8 7 7 9 9 8 8 9 9 7 7
7 47 36 36 41 40 34 45 45 31 31 44 36 35 38 39 45 43 40 39 44
8 42 31 43 38 40 33 30 36 30 39 39 33 43 33 31 34 33 32 40 36
9 30 33 37 27 31 34 37 26 37 27 33 35 30 35 28 26 36 36 37 27
10 24 25 23 29 30 35 32 34 29 25 34 32 25 30 28 30 30 31 31 28
11 18 20 19 16 15 16 14 20 18 18 17 19 17 15 19 15 19 14 19 18
12 12 11 10 10 13 10 10 12 9 13 12 12 13 10 9 12 9 13 12 9
13 32 26 33 31 38 33 38 35 36 37 26 34 26 26 27 34 33 28 35 27
14 15 12 18 14 15 18 15 16 15 15 17 13 18 13 14 16 16 16 14 16
15 52 57 50 52 60 45 48 56 43 55 59 61 46 62 52 58 43 54 52 49
16 63 60 55 46 50 56 61 45 61 50 54 53 52 62 43 45 44 53 46 45
17 8 8 9 7 7 9 9 7 7 6 7 7 7 8 8 9 9 7 8 7
18 20 20 27 19 21 26 24 21 20 28 20 28 28 29 20 20 27 20 27 24
19 23 20 27 25 19 23 25 25 22 19 24 23 21 21 22 20 20 19 24 24
20 9 8 8 9 8 9 8 7 7 8 7 8 7 7 9 6 9 7 9 7
21 7 6 7 7 6 7 8 6 6 8 6 6 7 7 7 7 8 7 6 7
22 9 9 8 9 9 7 7 7 7 9 7 10 9 7 8 9 8 7 7 9
23 16 14 15 12 16 12 11 14 15 13 11 14 15 14 15 14 13 15 12 15
24 15 12 12 11 12 14 14 13 14 13 12 11 11 11 12 13 10 14 15 12
25 12 9 10 11 10 10 11 10 10 12 9 9 11 11 8 9 12 9 10 9
26 23 21 26 20 23 21 23 27 26 24 23 24 24 27 25 24 22 22 27 25
27 12 11 12 11 9 10 13 10 11 11 11 10 12 11 12 10 10 12 13 12
28 26 26 22 28 29 26 28 22 22 21 25 23 27 26 21 28 24 23 21 23
29 10 12 13 10 10 10 11 11 10 12 13 9 9 9 9 9 12 10 11 11
30 23 26 34 28 31 26 27 30 31 32 31 30 26 34 29 31 25 26 30 29
31 29 26 27 20 24 25 28 25 24 30 28 29 30 23 26 27 20 22 24 26
32 10 10 10 10 11 11 12 8 10 9 12 9 9 11 12 11 8 9 10 10
33 12 12 14 13 12 11 12 12 13 15 11 15 13 17 11 15 12 16 16 15
34 41 46 47 46 44 44 41 46 34 36 46 48 38 34 35 48 48 35 38 41
35 40 40 40 49 44 40 43 47 50 39 36 42 35 36 34 50 41 40 48 49
36 50 49 38 38 47 51 54 42 48 56 40 40 43 50 46 49 42 48 54 48
37 6 7 8 6 8 7 8 6 6 6 6 7 6 8 6 8 7 7 8 7
38 87 89 76 70 76 85 78 90 68 80 66 96 87 84 90 76 67 95 77 67
39 6 6 8 6 6 7 7 6 7 8 8 8 7 7 6 7 7 7 8 6
40 43 43 37 36 39 47 35 33 38 40 41 36 42 36 49 36 39 39 36 45
41 40 41 47 39 53 52 46 45 53 55 56 53 39 41 42 51 53 41 44 42
42 13 18 17 15 17 15 16 18 13 16 13 18 16 15 13 17 16 13 13 17
43 28 31 36 32 27 26 34 29 35 32 26 34 38 35 27 30 29 29 33 31
44 70 66 57 54 77 64 64 64 72 68 62 62 66 74 68 62 55 57 68 68
45 65 89 67 66 89 64 74 73 75 71 64 65 91 90 95 93 77 87 87 92
46 6 6 6 7 7 7 7 8 8 8 8 6 8 7 8 7 7 7 7 6
47 36 38 44 39 36 41 45 43 47 42 35 41 49 43 39 38 37 36 33 44
48 13 13 14 11 11 15 13 14 13 12 11 13 11 11 11 11 11 13 13 14
49 48 45 43 47 52 41 56 48 47 41 48 47 42 55 46 44 38 43 41 53
50 30 33 33 30 37 36 34 34 27 29 32 38 29 35 37 29 29 33 33 27
51 36 32 36 40 32 29 30 37 39 40 29 31 40 41 32 33 34 40 36 34
52 10 9 11 11 10 13 10 13 9 13 10 9 10 11 13 9 13 10 10 12
53 96 128 95 136 98 110 118 108 107 110 126 97 136 115 108 119 100 141 103 115
54 27 23 23 29 26 26 30 27 24 21 21 23 29 27 20 20 23 26 23 30
55 7 7 7 8 6 8 7 7 8 6 7 6 7 6 6 6 6 7 7 7
56 32 33 28 28 30 23 24 25 24 23 24 31 27 31 26 27 24 25 29 33
57 10 13 10 13 11 14 10 14 13 10 14 10 14 10 11 10 11 11 14 11
58 53 55 44 49 43 62 43 54 57 57 61 43 54 48 44 61 56 42 60 62
59 16 15 13 14 12 15 12 14 13 15 16 16 13 15 12 11 14 17 12 16
60 3 3 3 3 3 3 3 2 3 3 4 3 2 3 3 3 3 3 3 2
61 3 3 4 3 3 3 3 3 3 3 3 3 3 3 3 3 3 3 2 3
62 9 8 7 7 9 7 7 7 9 9 8 8 8 8 8 8 9 10 7 7
63 17 14 19 18 15 16 16 16 13 13 16 15 19 17 15 15 13 14 16 17
64 27 35 38 32 32 28 35 36 38 30 34 34 31 34 28 36 29 33 33 36
65 7 9 7 9 9 7 7 8 9 10 9 9 9 9 9 8 7 9 7 9
66 17 21 19 17 19 20 21 17 17 20 18 15 19 17 19 16 16 18 21 15
67 11 9 12 9 11 8 10 12 11 9 9 11 9 8 9 10 10 9 10 9
68 12 12 14 11 11 12 11 14 11 16 11 15 17 13 14 12 14 14 16 14
69 27 26 30 24 24 31 29 28 24 32 30 25 31 28 26 30 24 30 24 30
70 11 10 10 9 13 13 11 9 13 10 13 9 10 11 10 10 9 13 12 11
71 139 137 140 117 141 134 110 134 133 116 125 109 137 111 113 132 133 136 133 137
72 25 27 20 20 30 27 24 30 21 22 25 28 30 25 24 22 24 26 22 21
73 45 38 36 42 34 38 46 41 33 36 38 47 39 46 43 42 46 43 35 38
74 37 38 38 44 44 37 32 33 38 38 39 45 47 42 38 45 34 42 33 46
75 90 92 105 111 121 103 106 106 115 87 103 82 98 87 111 88 112 90 113 88
76 5 6 5 5 4 5 5 5 6 4 5 5 4 4 5 6 5 4 6 6
77 25 24 23 30 26 32 33 23 27 25 32 28 33 28 27 25 32 25 28 33
78 6 9 9 7 9 7 9 9 9 8 8 9 8 9 8 7 9 8 7 9
79 107 122 113 94 129 117 118 110 110 131 127 121 90 119 101 109 122 121 96 112
80 6 6 7 8 6 6 8 6 7 6 8 8 7 6 6 6 6 7 6 8
81 27 21 26 25 23 26 29 26 27 24 29 30 23 22 22 23 31 25 29 26
82 11 10 10 11 11 11 8 10 10 10 10 10 12 8 11 10 10 9 9 12
83 24 18 23 22 19 18 21 21 18 25 20 22 21 18 25 23 22 19 24 21
84 26 23 21 24 28 28 25 23 21 24 23 23 31 25 27 28 23 27 23 27
85 19 21 23 22 21 17 19 17 18 17 21 20 21 19 22 21 20 20 19 17
86 17 23 18 18 18 21 25 20 23 24 20 24 19 22 19 21 23 21 24 18
87 52 55 54 51 48 47 56 42 45 38 41 55 43 47 47 38 38 39 53 55
88 24 26 19 20 24 27 26 23 19 27 21 26 19 22 26 24 19 23 19 24
89 14 13 13 11 15 11 15 12 11 11 15 12 15 12 11 12 13 12 15 12
90 22 21 17 16 21 20 16 16 18 18 18 22 20 19 21 21 18 19 23 19
91 102 93 134 130 122 127 93 125 108 112 103 129 129 93 101 104 133 103 135 100
92 29 37 42 35 29 42 41 38 34 31 37 34 28 31 33 32 34 34 42 37
93 30 25 28 26 24 26 28 29 27 26 24 21 24 30 31 22 22 23 29 23
94 52 51 52 40 50 40 37 53 39 42 38 52 38 41 46 47 53 50 42 40
95 16 20 17 18 20 23 23 19 19 19 23 18 22 20 19 21 20 16 18 18
96 33 27 36 27 25 25 37 34 32 25 35 37 27 26 34 35 27 34 27 32
97 21 17 18 18 16 21 18 20 22 23 16 17 18 19 18 16 16 22 23 17
98 30 31 31 28 39 38 31 34 30 40 41 37 30 37 37 38 40 29 36 38
99 44 48 46 59 49 52 45 55 58 44 46 47 45 55 48 59 59 42 57 60
100 46 33 36 40 46 45 37 45 41 33 34 43 46 36 43 31 44 34 44 46
101 29 26 35 26 25 28 24 31 34 33 26 26 31 24 29 36 31 29 25 26
102 24 28 23 25 28 22 25 22 29 26 21 28 21 25 29 26 28 22 31 30
103 13 15 14 12 14 15 11 14 11 13 14 14 11 11 11 13 11 14 11 11
104 39 45 37 39 48 45 39 49 36 45 40 51 46 39 49 45 41 36 39 49
105 49 58 66 48 48 64 64 67 47 68 67 65 63 64 53 62 57 64 47 61
106 27 28 24 28 25 33 27 33 28 33 33 33 25 24 24 25 33 25 31 25
107 8 9 9 7 7 7 9 7 10 7 8 9 9 9 7 7 7 9 10 9
108 44 48 46 42 46 38 35 45 36 43 46 51 35 41 36 47 40 45 39 41
109 42 38 36 36 37 45 40 36 38 35 38 40 34 38 46 40 43 48 42 46
110 39 27 36 37 39 37 39 28 35 33 32 34 33 29 39 35 34 27 39 35
111 21 20 24 23 20 21 25 19 27 25 24 22 26 25 24 22 20 21 20 25
112 162 187 136 144 164 162 135 142 165 190 181 132 130 184 193 160 186 135 136 193
113 12 11 9 10 9 13 10 10 9 12 10 13 13 9 12 13 11 12 10 11
114 15 20 22 17 20 18 20 22 19 20 20 21 22 18 15 17 20 21 18 19
115 14 13 16 14 13 14 12 16 16 14 16 13 15 14 15 11 16 12 15 14
116 34 26 35 36 34 29 31 27 28 37 36 31 30 35 36 25 32 34 30 25
117 32 29 29 34 34 36 34 36 38 33 27 30 31 34 34 33 35 30 33 28
118 23 30 29 31 28 22 23 23 21 25 22 30 27 23 29 27 23 23 28 23
119 53 49 64 59 56 46 48 48 64 49 51 52 62 51 55 46 45 58 59 62
120 26 37 26 28 31 33 26 32 25 25 36 34 26 36 32 36 34 28 32 33
121 37 34 28 36 38 34 37 27 30 31 29 27 28 31 31 37 26 29 28 33
122 29 23 27 27 29 28 21 23 26 24 30 21 25 23 22 30 23 29 31 30
123 21 21 16 21 18 18 18 16 15 18 18 19 21 16 18 23 21 22 17 19
124 15 14 12 15 15 15 14 12 14 15 17 11 13 16 13 15 12 16 12 13
125 18 19 22 19 22 15 22 18 19 15 17 20 19 20 21 16 20 18 16 19
126 46 44 39 39 44 55 54 51 42 55 39 46 40 52 50 56 57 42 52 50
127 59 49 58 60 49 51 62 50 48 54 54 58 49 48 50 62 59 51 46 50
128 9 7 8 9 7 7 6 9 7 7 8 9 8 7 7 7 8 9 8 7
129 13 9 12 12 11 9 10 11 10 12 13 10 13 11 10 11 9 11 12 12
130 29 31 26 30 30 27 22 25 25 28 22 24 31 27 25 29 31 29 26 26
131 19 18 21 22 16 14 19 16 16 14 20 17 18 17 20 18 16 20 16 17
132 38 29 35 40 32 33 35 39 29 36 32 31 35 31 39 42 31 34 33 30
133 27 19 21 27 19 24 19 23 25 25 19 25 20 21 27 25 25 25 22 25
134 20 22 19 24 20 23 21 20 17 22 20 22 17 20 23 18 17 20 20 16
135 53 48 49 43 38 44 46 41 39 46 48 42 48 40 50 47 47 51 38 49
136 63 55 61 69 63 72 52 58 69 68 64 73 56 62 70 53 65 64 71 67
137 22 21 26 23 19 24 23 22 24 20 22 26 18 21 20 18 20 19 22 19
138 13 15 14 13 18 12 16 14 15 14 12 14 16 17 16 13 17 15 14 16
139 37 31 38 29 32 29 32 39 35 40 38 32 29 37 32 29 30 31 40 36
140 22 18 23 21 25 25 23 21 19 18 23 21 19 22 18 21 25 19 22 25
141 159 139 128 163 149 147 161 173 147 131 129 170 123 144 131 167 140 142 176 130
142 119 123 149 124 139 140 165 155 175 174 162 143 159 137 145 135 123 123 134 119
143 54 53 62 76 58 73 66 70 63 55 69 71 73 60 55 58 60 55 65 69
144 152 190 185 182 181 200 153 140 155 196 161 176 186 168 200 142 194 141 194 189
145 131 131 144 123 163 114 112 129 125 143 111 114 135 137 128 145 114 131 162 152
146 67 58 73 73 54 60 59 54 65 52 66 76 61 60 64 63 71 73 76 64
147 78 90 82 84 77 73 73 66 72 71 68 90 65 77 91 72 90 88 68 80
148 91 78 79 67 88 68 73 63 87 67 84 82 75 65 76 73 86 67 75 66
<task directions>
1 E
2 E
3 E
4 E
5 E
6 E
7 E
8 E
9 E
10 E
11 E
12 E
13 E
14 E
15 L
16 R
17 E
18 L
19 R
20 E
21 R
22 L
23 L
24 R
25 R
26 R
27 L
28 L
29 E
30 R
31 E
32 L
33 R
34 L
35 R
36 R
37 R
38 R
39 R
40 R
41 R
42 L
43 L
44 L
45 L
46 L
47 L
48 E
49 L
50 E
51 L
52 L
53 L
54 L
55 R
56 E
57 L
58 L
59 E
60 E
61 E
62 E
63 E
64 R
65 E
66 E
67 E
68 E
69 R
70 R
71 R
72 R
73 E
74 E
75 E
76 E
77 E
78 E
79 E
80 E
81 E
82 E
83 E
84 E
85 E
86 E
87 E
88 E
89 E
90 E
91 E
92 E
93 L
94 E
95 E
96 E
97 E
98 E
99 E
100 E
101 E
102 E
103 E
104 E
105 E
106 E
107 E
108 E
109 E
110 E
111 E
112 L
113 L
114 E
115 E
116 E
117 E
118 E
119 E
120 E
121 E
122 E
123 E
124 E
125 E
126 E
127 E
128 L
129 L
130 L
131 L
132 E
133 L
134 R
135 E
136 E
137 L
138 E
139 E
140 E
141 L
142 R
143 L
144 L
145 R
146 R
147 L
148 R
<precedence relations>
1,5
1,6
1,7
1,8
2,3
3,4
3,5
3,6
3,7
4,8
5,14
6,9
7,14
8,10
9,14
10,14
11,12
12,13
14,15
14,16
15,17
16,17
17,18
17,19
18,20
19,20
20,21
20,22
20,23
20,24
21,25
21,26
21,27
21,28
22,25
22,26
22,27
22,28
23,25
23,26
23,27
23,28
24,25
24,26
24,27
24,28
25,29
26,29
27,29
28,29
29,31
31,36
32,34
33,35
34,36
35,36
36,37
37,38
37,45
38,39
39,40
40,41
40,48
40,55
42,43
43,44
45,46
46,47
47,48
47,49
47,55
50,51
51,53
51,69
52,53
54,133
55,54
55,72
55,76
55,87
55,88
56,73
57,79
58,84
58,86
59,75
59,87
61,62
62,63
63,67
64,65
64,71
64,72
65,66
65,99
66,67
67,68
68,95
68,98
69,82
70,71
72,134
73,84
73,86
73,87
73,88
73,96
74,75
75,88
75,97
76,77
77,78
78,79
79,80
80,81
81,106
82,83
82,89
82,143
82,146
84,85
88,111
89,90
90,79
91,105
92,135
95,101
96,104
98,101
99,100
100,101
101,102
101,103
102,127
103,127
105,119
106,107
107,108
108,109
109,110
111,112
112,113
113,114
113,116
113,120
113,123
113,128
114,115
115,125
116,117
117,118
118,126
120,121
121,122
122,126
123,124
124,125
128,129
129,130
130,131
130,137
132,135
133,135
134,135
135,136
138,139
139,140
141,142
142,143
142,146
142,147
142,148
144,145
145,147
145,148
<end>