<number of tasks>
148
<number of mated-station>
5
<type of the robots>
10
<limit of the robots>
1 1
2 1
3 1
4 1
5 1
6 1
7 1
8 1
9 1
10 1
<task times>
1 13 17 17 17 18 19 18 15 18 14
2 29 24 34 26 30 25 33 36 26 28
3 6 7 8 6 6 6 7 8 8 8
4 44 46 51 54 46 56 45 48 42 47
5 25 34 33 30 28 25 32 34 24 32
6 8 9 7 7 6 7 7 8 9 7
7 32 43 40 38 32 39 35 35 44 42
8 42 44 44 40 31 42 41 41 31 43
9 37 28 26 38 34 38 29 36 32 33
10 26 24 25 33 28 28 24 29 32 25
11 15 19 15 16 18 17 17 18 20 18
12 10 10 12 12 11 11 12 13 10 9
13 38 30 29 34 33 28 37 37 26 26
14 17 14 13 15 15 17 17 15 15 17
15 61 44 62 55 58 47 44 52 44 56
16 55 47 61 48 45 49 47 46 57 51
17 8 8 9 7 8 8 9 6 9 7
18 25 26 22 26 21 19 27 27 28 20
19 20 21 19 24 25 29 26 28 24 20
20 9 9 7 8 8 8 8 8 9 8
21 7 8 8 7 6 6 6 8 8 7
22 8 9 8 7 9 7 9 7 9 8
23 15 13 13 13 16 13 13 15 12 17
24 14 15 15 11 10 15 11 15 14 11
25 10 8 10 10 12 10 12 11 11 12
26 21 27 21 20 21 27 26 22 27 21
27 11 9 13 10 11 13 11 12 11 11
28 29 21 30 21 23 27 27 26 23 27
29 11 12 10 11 12 9 10 12 9 11
30 32 33 25 34 29 32 24 29 28 27
31 30 28 26 22 24 26 29 21 29 24
32 10 10 10 12 8 8 8 10 9 9
33 15 13 17 13 11 16 16 12 12 11
34 35 34 35 40 41 48 46 36 40 34
35 35 35 47 34 37 45 41 38 35 49
36 39 54 55 56 40 38 53 39 52 48
37 7 6 8 7 6 7 7 7 6 6
38 81 76 70 69 73 67 68 64 81 80
39 8 7 7 8 7 8 7 6 7 7
40 38 40 34 33 49 33 47 34 47 34
41 46 39 46 50 43 47 52 40 43 55
42 14 13 17 17 15 16 18 16 14 16
43 35 37 30 37 34 29 27 26 30 36
44 60 79 74 55 69 72 68 61 54 71
45 94 78 87 69 90 68 65 78 86 77
46 6 7 7 7 7 7 7 7 6 7
47 49 39 37 35 37 46 44 41 45 41
48 12 11 11 11 12 13 10 14 15 12
49 56 43 45 54 45 49 50 45 45 56
50 31 28 36 36 27 28 39 31 34 28
51 31 28 35 28 31 28 31 37 35 32
52 10 10 11 12 11 11 10 10 12 11
53 129 115 129 113 99 106 135 109 119 123
54 26 22 28 26 26 23 23 27 30 27
55 7 7 6 8 8 7 8 6 6 6
56 28 26 30 29 24 31 27 26 24 26
57 11 14 14 11 11 11 12 12 10 13
58 60 42 44 42 43 45 55 46 54 51
59 11 13 16 14 15 13 13 15 15 15
60 3 3 3 3 3 3 3 3 3 3
61 4 3 3 2 3 3 3 3 3 4
62 9 9 9 8 8 9 7 7 8 8
63 15 16 16 16 18 17 19 13 17 14
64 39 29 30 38 38 36 28 29 32 34
65 7 7 8 7 7 6 7 7 7 9
66 15 19 17 21 14 19 16 20 21 19
67 10 11 11 11 11 11 10 11 8 9
68 16 16 13 11 12 17 16 12 13 14
69 27 27 27 33 29 27 28 31 33 26
70 9 11 9 10 9 13 11 11 13 13
71 126 123 95 95 119 127 136 106 121 140
72 22 21 23 27 24 26 23 25 29 26
73 33 38 46 36 46 43 47 37 35 37
74 36 38 33 46 36 45 38 39 44 39
75 110 112 96 88 96 108 99 114 86 101
76 4 6 5 5 6 5 4 6 5 4
77 26 24 31 25 24 27 28 25 29 32
78 9 9 8 8 6 8 7 8 9 7
79 116 116 100 96 106 126 96 89 102 108
80 7 6 7 6 8 6 7 7 6 8
81 22 23 26 21 29 29 26 25 29 31
82 12 11 8 9 9 11 11 9 9 9
83 18 23 22 20 22 20 21 24 17 21
84 21 29 26 24 22 28 26 22 22 28
85 17 20 23 20 17 16 21 18 22 20
86 17 22 25 23 18 20 19 19 21 21
87 50 47 41 38 55 45 45 45 51 49
88 22 22 23 26 24 22 19 20 24 24
89 11 14 11 11 14 10 12 12 12 12
90 15 15 22 21 23 22 18 21 21 22
91 98 103 107 111 123 118 108 126 136 131
92 42 29 39 37 42 35 35 34 37 29
93 23 24 28 25 23 26 29 27 30 27
94 39 46 55 48 44 43 41 41 37 49
95 20 21 22 16 17 24 21 22 20 19
96 25 31 25 27 26 27 26 30 31 33
97 19 18 17 19 21 17 23 19 19 17
98 34 34 30 40 33 32 27 31 30 38
99 46 50 51 46 58 55 52 53 42 45
100 38 45 34 41 44 34 34 39 39 32
101 32 29 32 36 28 25 26 32 35 35
102 23 24 30 31 24 25 26 30 28 26
103 12 11 13 13 12 16 11 15 11 15
104 40 37 42 43 54 37 52 41 41 48
105 47 63 47 67 48 54 58 53 53 54
106 30 23 32 27 26 28 24 33 24 27
107 9 7 7 9 8 8 10 9 8 7
108 36 40 49 46 35 34 39 45 39 51
109 43 38 42 43 32 47 37 42 45 35
110 35 29 34 29 28 29 30 33 35 35
111 26 27 23 23 25 19 19 21 20 19
112 138 177 155 181 148 156 141 142 168 190
113 9 12 10 12 10 13 10 13 12 9
114 22 16 22 16 18 16 17 18 22 17
115 14 15 12 13 12 17 12 14 15 15
116 36 26 32 29 26 36 33 25 36 37
117 36 34 30 32 27 34 28 32 31 34
118 29 29 24 27 22 21 26 31 22 30
119 56 59 50 60 49 47 55 46 46 53
120 37 36 25 35 30 33 34 28 28 25
121 30 33 37 31 37 29 36 32 36 32
122 27 30 22 27 28 23 28 30 21 24
123 22 19 17 18 21 16 16 16 21 21
124 14 13 13 14 13 14 16 17 12 12
125 20 17 22 22 18 19 19 19 16 16
126 48 44 56 50 44 46 40 43 48 52
127 45 59 63 53 54 47 58 60 63 50
128 8 8 7 8 7 9 7 8 8 9
129 10 12 9 13 13 10 9 12 13 13
130 31 31 32 29 30 27 22 32 24 32
131 17 21 19 17 19 20 21 17 17 20
132 37 30 38 34 38 32 33 36 42 29
133 26 22 27 20 26 19 22 27 24 22
134 18 22 18 17 18 20 20 17 21 19
135 40 41 47 37 38 40 38 48 37 52
136 52 71 76 61 62 55 62 66 72 63
137 22 20 24 19 19 24 23 22 19 25
138 16 13 16 15 14 16 13 16 13 16
139 34 30 30 28 39 39 35 27 39 32
140 26 18 21 22 20 21 19 26 24 21
141 178 175 179 149 181 171 141 172 170 148
142 157 137 172 140 141 166 167 170 166 172
143 64 69 52 52 76 68 61 76 54 55
144 168 190 202 170 165 152 166 180 152 145
145 155 130 122 144 116 131 157 140 113 123
146 61 76 63 74 69 67 74 69 56 60
147 72 74 75 86 86 72 63 64 75 74
148 77 88 92 83 75 87 66 82 64 89
<task directions>
1 E
2 E
3 E
4 E
5 E
6 E
7 E
8 E
9 E
10 E
11 E
12 E
13 E
14 E
15 L
16 R
17 E
18 L
19 R
20 E
21 R
22 L
23 L
24 R
25 R
26 R
27 L
28 L
29 E
30 R
31 E
32 L
33 R
34 L
35 R
36 R
37 R
38 R
39 R
40 R
41 R
42 L
43 L
44 L
45 L
46 L
47 L
48 E
49 L
50 E
51 L
52 L
53 L
54 L
55 R
56 E
57 L
58 L
59 E
60 E
61 E
62 E
63 E
64 R
65 E
66 E
67 E
68 E
69 R
70 R
71 R
72 R
73 E
74 E
75 E
76 E
77 E
78 E
79 E
80 E
81 E
82 E
83 E
84 E
85 E
86 E
87 E
88 E
89 E
90 E
91 E
92 E
93 L
94 E
95 E
96 E
97 E
98 E
99 E
100 E
101 E
102 E
103 E
104 E
105 E
106 E
107 E
108 E
109 E
110 E
111 E
112 L
113 L
114 E
115 E
116 E
117 E
118 E
119 E
120 E
121 E
122 E
123 E
124 E
125 E
126 E
127 E
128 L
129 L
130 L
131 L
132 E
133 L
134 R
135 E
136 E
137 L
138 E
139 E
140 E
141 L
142 R
143 L
144 L
145 R
146 R
147 L
148 R
<precedence relations>
1,5
1,6
1,7
1,8
2,3
3,4
3,5
3,6
3,7
4,8
5,14
6,9
7,14
8,10
9,14
10,14
11,12
12,13
14,15
14,16
15,17
16,17
17,18
17,19
18,20
19,20
20,21
20,22
20,23
20,24
21,25
21,26
21,27
21,28
22,25
22,26
22,27
22,28
23,25
23,26
23,27
23,28
24,25
24,26
24,27
24,28
25,29
26,29
27,29
28,29
29,31
31,36
32,34
33,35
34,36
35,36
36,37
37,38
37,45
38,39
39,40
40,41
40,48
40,55
42,43
43,44
45,46
46,47
47,48
47,49
47,55
50,51
51,53
51,69
52,53
54,133
55,54
55,72
55,76
55,87
55,88
56,73
57,79
58,84
58,86
59,75
59,87
61,62
62,63
63,67
64,65
64,71
64,72
65,66
65,99
66,67
67,68
68,95
68,98
69,82
70,71
72,134
73,84
73,86
73,87
73,88
73,96
74,75
75,88
75,97
76,77
77,78
78,79
79,80
80,81
81,106
82,83
82,89
82,143
82,146
84,85
88,111
89,90
90,79
91,105
92,135
95,101
96,104
98,101
99,100
100,101
101,102
101,103
102,127
103,127
105,119
106,107
107,108
108,109
109,110
111,112
112,113
113,114
113,116
113,120
113,123
113,128
114,115
115,125
116,117
117,118
118,126
120,121
121,122
122,126
123,124
124,125
128,129
129,130
130,131
130,137
132,135
133,135
134,135
135,136
138,139
139,140
141,142
142,143
142,146
142,147
142,148
144,145
145,147
145,148
<end>