<number of tasks>
148
<number of mated-station>
9
<type of the robots>
18
<limit of the robots>
1 1
2 1
3 1
4 1
5 1
6 1
7 1
8 1
9 1
10 1
11 1
12 1
13 1
14 1
15 1
16 1
17 1
18 1
<task times>
1 13 17 17 17 18 19 18 15 18 14 16 13 18 14 16 14 18 19
2 26 28 25 32 36 24 25 25 28 32 35 36 28 29 32 35 30 36
3 7 7 6 7 6 8 8 7 7 6 8 8 6 8 7 8 6 6
4 38 42 41 46 54 41 39 52 48 46 39 47 42 42 53 50 54 55
5 34 31 24 33 32 32 24 33 34 25 23 35 31 34 26 33 29 30
6 7 7 7 9 8 8 6 8 9 7 7 9 7 8 9 8 8 8
7 46 41 35 34 43 43 40 38 42 45 35 33 47 36 36 41 40 34
8 43 43 30 30 42 34 33 36 37 42 41 38 37 42 42 31 43 38
9 35 29 26 31 26 34 33 29 37 29 27 29 28 27 34 31 30 33
10 34 25 28 30 34 23 34 24 30 31 27 32 25 23 33 32 34 25
11 14 15 14 17 18 20 19 20 17 14 20 19 15 18 17 18 18 18
12 12 10 11 13 12 10 9 10 9 13 12 11 11 12 11 9 12 10
13 36 27 35 33 34 31 30 30 37 29 30 34 27 38 35 36 37 28
14 12 17 13 17 16 12 15 12 15 14 18 15 18 16 17 17 12 16
15 44 43 44 56 55 47 58 45 52 43 63 50 52 64 55 56 53 51
16 61 45 63 44 48 57 56 56 48 58 52 57 50 52 60 45 48 56
17 7 8 9 9 7 9 8 9 7 8 8 7 10 9 8 7 8 8
18 27 21 27 23 24 24 23 28 20 20 20 24 21 20 25 23 28 21
19 20 27 27 20 20 19 20 20 20 23 24 28 27 21 23 20 20 20
20 9 6 7 9 8 7 7 9 7 9 9 10 7 7 9 7 9 8
21 7 6 8 7 6 7 7 7 6 6 7 7 6 6 6 6 6 6
22 8 8 9 8 8 9 8 9 8 7 7 8 7 8 7 7 9 6
23 16 12 16 11 14 12 14 15 13 14 16 12 13 16 12 11 15 15
24 12 13 14 13 12 13 14 15 12 15 14 12 11 11 12 15 12 15
25 11 8 10 11 10 9 8 11 12 10 11 9 11 9 8 10 11 10
26 20 25 26 24 27 26 23 26 22 26 30 24 23 21 23 28 27 25
27 12 11 10 10 9 9 11 11 9 12 12 10 13 10 11 13 11 12
28 27 24 24 30 24 21 27 27 20 21 29 23 25 21 23 21 26 20
29 10 9 10 12 11 11 10 10 11 12 11 11 10 10 12 11 12 11
30 32 28 24 26 33 27 29 30 30 25 33 30 30 26 26 32 34 31
31 26 26 22 28 29 26 28 22 22 21 25 23 27 26 21 28 24 23
32 9 9 9 11 12 9 9 9 10 10 9 11 12 8 8 8 8 9
33 15 13 14 14 11 13 16 14 15 13 13 15 15 15 15 15 12 16
34 41 44 36 37 42 42 48 43 44 34 39 40 46 40 39 49 46 48
35 50 39 43 45 34 37 40 44 40 42 43 41 46 44 50 35 44 36
36 56 42 43 54 55 51 40 41 46 49 39 41 47 44 42 38 41 40
37 6 8 6 7 6 8 6 7 6 8 8 7 7 8 8 8 7 8
38 80 90 67 70 90 93 74 65 68 95 94 69 74 80 76 76 76 93
39 7 7 7 8 8 6 6 7 6 6 6 8 7 7 8 8 7 7
40 33 33 41 44 47 37 42 49 35 35 38 44 40 42 37 42 47 42
41 38 45 55 42 54 50 56 43 41 43 42 45 39 54 43 53 45 45
42 18 16 17 18 15 14 15 17 16 18 14 16 13 19 17 17 18 15
43 27 38 31 27 29 27 36 29 27 31 32 29 33 37 37 35 32 31
44 53 63 62 67 72 57 69 69 60 57 63 75 57 53 61 64 66 59
45 81 70 96 71 75 77 70 89 68 70 80 66 89 88 79 77 90 94
46 8 8 6 6 6 8 8 6 7 6 6 8 7 7 7 7 7 8
47 33 41 33 46 41 37 35 43 42 35 34 44 35 40 47 41 35 33
48 14 12 14 13 11 14 16 14 11 12 12 12 13 13 14 13 11 11
49 55 45 45 45 51 49 44 44 47 53 48 44 39 41 48 48 38 52
50 27 27 37 26 30 30 31 29 27 27 37 37 39 39 32 36 36 38
51 29 30 32 33 36 35 32 37 40 39 40 28 37 36 41 34 34 33
52 12 9 10 10 12 11 10 11 12 11 13 11 9 11 13 12 10 10
53 105 105 95 126 118 121 131 97 101 139 122 130 121 110 95 117 95 103
54 21 22 21 25 25 26 25 24 23 25 28 22 30 25 25 22 25 25
55 6 8 7 7 6 6 6 8 6 7 7 6 8 8 7 7 6 6
56 27 33 24 30 32 24 24 28 28 23 30 27 30 33 26 24 25 30
57 14 14 10 11 14 14 11 12 12 14 13 12 11 10 12 12 11 14
58 45 61 44 60 46 43 48 50 62 43 60 47 48 55 42 56 42 60
59 12 13 14 13 13 13 15 12 16 14 13 14 12 17 12 14 15 13
60 3 3 3 3 4 3 3 3 3 3 3 3 2 2 3 3 3 4
61 3 3 3 3 2 4 3 3 3 3 3 3 3 3 2 3 3 3
62 8 8 9 10 8 8 9 7 7 7 7 7 7 9 8 9 7 8
63 14 14 17 19 13 18 14 18 15 19 14 19 18 14 18 14 19 14
64 30 28 29 31 38 30 34 35 28 31 27 39 28 34 36 36 39 28
65 8 7 7 9 9 7 9 10 9 8 7 8 7 8 7 8 8 8
66 20 20 16 19 16 15 18 21 15 21 18 19 17 19 16 15 18 15
67 8 10 12 12 8 11 10 11 11 9 9 8 10 10 12 10 12 9
68 16 14 16 14 14 16 12 15 15 12 15 16 11 13 16 14 12 13
69 31 23 24 24 31 30 28 27 27 27 27 29 32 33 23 25 29 25
70 13 13 10 11 11 11 9 9 11 10 13 11 10 10 9 10 11 12
71 96 126 134 114 115 101 125 129 135 106 121 121 110 122 101 129 103 118
72 25 27 23 28 20 30 29 22 21 26 29 30 29 29 29 27 28 25
73 33 47 35 47 38 47 43 38 43 44 46 38 38 45 41 33 42 37
74 42 35 37 40 47 33 45 38 47 35 46 33 39 47 43 38 36 43
75 90 85 93 100 99 88 105 95 87 89 103 81 83 87 83 104 81 114
76 4 6 6 5 5 4 5 5 6 5 5 5 5 4 4 6 5 5
77 24 32 30 25 31 28 26 30 24 30 24 30 28 25 25 23 32 32
78 8 6 9 8 9 7 7 8 7 8 7 9 9 8 9 9 9 8
79 133 126 104 126 125 109 118 103 129 105 106 124 125 128 125 129 111 120
80 6 6 8 7 7 8 6 6 7 8 8 7 7 6 7 7 6 6
81 29 25 23 27 22 25 30 27 21 23 25 31 26 30 28 27 30 28
82 9 9 9 10 10 11 11 9 8 8 10 9 10 11 12 11 10 11
83 18 22 17 24 19 19 22 23 25 21 22 22 24 18 21 17 20 18
84 29 23 29 23 29 23 25 31 25 28 23 28 28 27 30 22 28 28
85 16 17 18 22 21 17 22 23 18 17 16 22 18 23 24 16 19 18
86 24 21 25 21 20 19 24 18 21 25 17 23 22 18 25 19 25 24
87 52 45 48 53 47 54 48 43 53 47 42 51 45 52 48 40 54 49
88 24 23 23 27 26 25 19 25 21 23 25 25 20 23 19 20 22 26
89 11 12 15 11 13 11 14 14 14 12 11 12 12 13 11 16 14 11
90 19 18 17 19 22 19 19 18 21 22 17 16 16 17 22 18 21 19
91 123 121 119 121 131 132 94 111 118 112 117 120 134 98 132 115 111 102
92 32 41 40 30 38 37 32 30 36 35 31 41 33 36 35 30 42 39
93 27 24 30 25 26 23 21 24 28 28 25 23 21 24 23 23 31 25
94 48 50 41 47 41 48 45 49 53 52 48 38 44 38 42 38 49 47
95 21 19 22 21 20 20 19 17 16 22 17 18 17 20 24 19 22 23
96 30 35 29 33 28 32 35 32 35 27 34 36 36 33 31 31 37 28
97 18 15 16 22 17 19 19 15 15 16 21 22 20 21 16 17 20 22
98 39 34 28 39 32 38 29 32 38 36 28 33 27 35 38 35 35 30
99 61 43 58 49 44 43 60 46 58 46 44 49 51 48 58 47 59 57
100 35 33 43 42 33 32 37 37 37 45 42 39 43 43 37 40 47 38
101 27 24 35 34 32 33 24 33 28 29 27 34 34 24 26 27 35 27
102 31 23 21 28 31 26 22 31 30 28 25 23 27 25 21 23 25 24
103 12 13 15 14 15 12 14 13 12 13 14 15 14 13 12 10 12 15
104 53 38 38 39 50 40 51 50 51 39 49 39 37 52 38 41 37 51
105 48 52 58 59 66 62 52 51 47 58 49 54 58 66 68 56 56 54
106 32 25 31 28 26 30 28 23 25 25 30 24 33 25 22 22 34 31
107 8 6 9 9 7 7 9 9 7 9 7 8 9 7 8 8 7 9
108 40 45 50 52 37 37 40 43 40 36 35 50 51 39 38 39 40 35
109 46 45 36 40 36 47 48 43 36 44 44 44 47 34 43 45 35 38
110 31 39 33 35 30 37 39 29 31 31 30 36 32 39 39 28 38 40
111 27 19 21 24 27 27 22 26 24 20 20 25 27 21 25 19 26 20
112 183 192 156 140 192 141 134 151 132 167 184 181 139 140 166 131 158 194
113 11 11 9 9 10 12 10 10 12 9 11 9 12 11 9 12 9 11
114 21 19 20 16 23 22 20 23 20 18 21 22 16 21 16 19 20 20
115 12 12 12 14 12 15 11 11 12 14 11 12 15 14 12 15 11 14
116 27 35 31 27 34 31 28 25 27 33 26 31 35 26 26 34 34 36
117 26 38 37 36 35 35 29 34 32 35 26 34 31 32 27 32 29 37
118 25 30 26 31 30 31 23 22 22 23 31 23 28 23 27 30 28 23
119 47 50 59 46 65 48 57 63 59 64 50 49 50 63 65 63 56 62
120 33 31 33 27 25 33 26 31 33 37 26 29 26 34 28 33 28 30
121 34 31 29 29 30 36 32 29 31 28 30 32 27 30 37 32 35 38
122 27 30 30 21 28 28 30 28 30 22 27 25 24 26 25 22 30 27
123 19 15 22 19 18 17 20 19 17 18 20 16 22 21 20 18 21 21
124 14 14 12 13 12 15 14 16 12 12 14 14 12 12 14 16 16 11
125 15 22 23 19 22 16 16 23 21 18 15 18 15 22 18 17 15 21
126 44 55 55 39 54 56 49 52 43 49 39 50 55 42 50 47 52 55
127 54 57 58 61 62 53 44 50 58 61 53 54 54 50 62 55 52 53
128 7 9 9 8 9 7 8 8 9 7 9 7 9 8 9 7 9 9
129 12 10 11 10 10 13 13 11 11 12 13 9 11 12 11 9 11 10
130 24 29 29 30 29 30 32 28 22 25 26 28 29 27 30 25 28 23
131 16 21 20 21 19 15 16 16 15 17 15 21 19 16 20 19 16 16
132 38 31 34 32 42 38 37 30 31 32 42 32 33 34 41 33 36 30
133 19 24 25 26 19 28 20 21 23 25 20 24 19 19 27 25 19 27
134 21 24 22 18 21 21 23 21 17 22 23 21 23 17 19 19 18 17
135 40 45 45 53 38 42 40 48 51 40 48 49 52 50 38 41 47 42
136 75 53 62 55 55 74 58 72 76 75 71 70 55 70 61 60 60 55
137 18 21 21 22 24 19 21 26 24 25 19 22 24 23 18 24 24 23
138 15 13 15 16 18 12 14 18 14 16 13 17 13 14 14 15 18 15
139 39 27 40 32 34 27 31 36 34 35 37 29 36 32 29 34 33 31
140 18 18 20 25 25 24 19 25 18 21 18 24 23 25 26 19 24 23
141 161 134 158 164 135 140 170 137 133 148 149 159 135 132 138 170 161 141
142 123 133 159 138 148 172 124 134 120 162 121 137 145 159 142 129 134 133
143 63 71 62 56 74 52 70 71 65 52 57 63 57 68 73 59 75 66
144 147 168 137 166 178 191 185 196 163 190 192 172 138 160 154 176 139 149
145 157 136 125 147 157 146 133 131 147 137 160 164 121 110 143 125 119 110
146 71 61 64 59 70 66 56 71 55 62 68 52 63 71 57 59 62 70
147 63 77 69 68 75 67 85 92 68 74 71 64 92 66 72 92 64 81
148 65 79 85 86 64 85 67 71 93 85 85 86 73 86 80 87 73 92
<task directions>
1 E
2 E
3 E
4 E
5 E
6 E
7 E
8 E
9 E
10 E
11 E
12 E
13 E
14 E
15 L
16 R
17 E
18 L
19 R
20 E
21 R
22 L
23 L
24 R
25 R
26 R
27 L
28 L
29 E
30 R
31 E
32 L
33 R
34 L
35 R
36 R
37 R
38 R
39 R
40 R
41 R
42 L
43 L
44 L
45 L
46 L
47 L
48 E
49 L
50 E
51 L
52 L
53 L
54 L
55 R
56 E
57 L
58 L
59 E
60 E
61 E
62 E
63 E
64 R
65 E
66 E
67 E
68 E
69 R
70 R
71 R
72 R
73 E
74 E
75 E
76 E
77 E
78 E
79 E
80 E
81 E
82 E
83 E
84 E
85 E
86 E
87 E
88 E
89 E
90 E
91 E
92 E
93 L
94 E
95 E
96 E
97 E
98 E
99 E
100 E
101 E
102 E
103 E
104 E
105 E
106 E
107 E
108 E
109 E
110 E
111 E
112 L
113 L
114 E
115 E
116 E
117 E
118 E
119 E
120 E
121 E
122 E
123 E
124 E
125 E
126 E
127 E
128 L
129 L
130 L
131 L
132 E
133 L
134 R
135 E
136 E
137 L
138 E
139 E
140 E
141 L
142 R
143 L
144 L
145 R
146 R
147 L
148 R
<precedence relations>
1,5
1,6
1,7
1,8
2,3
3,4
3,5
3,6
3,7
4,8
5,14
6,9
7,14
8,10
9,14
10,14
11,12
12,13
14,15
14,16
15,17
16,17
17,18
17,19
18,20
19,20
20,21
20,22
20,23
20,24
21,25
21,26
21,27
21,28
22,25
22,26
22,27
22,28
23,25
23,26
23,27
23,28
24,25
24,26
24,27
24,28
25,29
26,29
27,29
28,29
29,31
31,36
32,34
33,35
34,36
35,36
36,37
37,38
37,45
38,39
39,40
40,41
40,48
40,55
42,43
43,44
45,46
46,47
47,48
47,49
47,55
50,51
51,53
51,69
52,53
54,133
55,54
55,72
55,76
55,87
55,88
56,73
57,79
58,84
58,86
59,75
59,87
61,62
62,63
63,67
64,65
64,71
64,72
65,66
65,99
66,67
67,68
68,95
68,98
69,82
70,71
72,134
73,84
73,86
73,87
73,88
73,96
74,75
75,88
75,97
76,77
77,78
78,79
79,80
80,81
81,106
82,83
82,89
82,143
82,146
84,85
88,111
89,90
90,79
91,105
92,135
95,101
96,104
98,101
99,100
100,101
101,102
101,103
102,127
103,127
105,119
106,107
107,108
108,109
109,110
111,112
112,113
113,114
113,116
113,120
113,123
113,128
114,115
115,125
116,117
117,118
118,126
120,121
121,122
122,126
123,124
124,125
128,129
129,130
130,131
130,137
132,135
133,135
134,135
135,136
138,139
139,140
141,142
142,143
142,146
142,147
142,148
144,145
145,147
145,148
<end>