<number of tasks>
16
<number of mated-station>
5
<type of the robots>
10
<limit of the robots>
1 1
2 1
3 1
4 1
5 1
6 1
7 1
8 1
9 1
10 1
<task times>
1 5 6 6 6 7 7 7 6 6 5
2 5 4 6 5 5 4 5 6 5 5
3 2 2 2 2 2 2 2 2 2 2
4 9 9 10 10 9 11 9 9 8 9
5 7 9 9 8 8 7 9 9 7 9
6 4 4 4 4 3 4 4 4 4 4
7 6 8 7 7 6 7 6 6 8 7
8 4 5 5 4 4 4 4 4 4 4
9 6 4 4 6 5 6 5 6 5 5
10 4 4 4 4 4 4 3 4 4 4
11 5 7 5 6 6 6 6 6 7 6
12 5 4 5 5 5 5 5 6 5 4
13 7 6 6 6 6 5 7 7 5 5
14 4 4 4 4 4 4 4 4 4 4
15 3 3 3 3 3 3 3 3 3 3
16 4 4 4 4 4 4 4 4 4 4
<task directions>
1 E
2 E
3 L
4 E
5 R
6 L
7 E
8 E
9 R
10 R
11 E
12 L
13 E
14 E
15 E
16 E
<precedence relations>
1,3
1,4
2,5
3,6
4,7
5,7
6,8
7,8
7,9
7,10
8,11
9,12
9,13
10,13
11,14
11,15
12,15
13,16
<end>