<number of tasks>
205
<number of mated-station>
13
<type of the robots>
26
<limit of the robots>
1 1
2 1
3 1
4 1
5 1
6 1
7 1
8 1
9 1
10 1
11 1
12 1
13 1
14 1
15 1
16 1
17 1
18 1
19 1
20 1
21 1
22 1
23 1
24 1
25 1
26 1
<task times>
1 556 724 715 727 773 811 794 648 759 586 672 564 781 611 689 588 761 826 611 653 581 734 824 564 574 580
2 40 45 49 50 40 41 45 48 41 50 41 43 38 42 37 50 48 43 41 36 47 49 35 46 40 49
3 226 229 210 231 228 254 301 229 217 288 266 257 216 264 236 233 294 278 299 308 310 280 218 296 287 290
4 219 301 304 225 211 312 281 309 234 297 259 269 233 220 225 296 249 249 212 263 285 223 231 290 225 252
5 168 156 157 162 183 163 142 137 172 174 161 154 169 182 143 134 188 146 144 167 163 138 183 182 126 126
6 102 82 80 88 90 103 100 92 90 102 103 75 106 93 99 80 74 88 74 95 94 81 104 81 76 83
7 48 46 58 52 51 56 63 46 52 57 63 43 63 45 56 59 51 60 46 43 61 60 63 46 45 47
8 54 67 70 80 73 79 68 57 79 73 58 70 66 70 69 71 72 64 69 78 73 63 58 62 57 77
9 32 31 31 33 30 26 33 26 34 25 33 31 32 29 28 29 34 28 28 32 26 35 32 34 35 26
10 85 118 90 123 112 88 106 87 108 102 127 108 125 115 118 122 87 113 88 85 88 113 110 94 115 89
11 32 26 38 30 32 38 33 34 32 31 37 27 38 27 29 34 34 34 29 35 32 34 30 31 36 27
12 56 66 51 64 69 71 53 73 61 68 51 63 60 57 74 70 64 54 58 65 71 53 71 59 63 62
13 52 63 44 45 45 54 47 46 57 51 64 48 44 60 61 45 45 44 46 45 46 53 55 63 61 47
14 66 55 56 56 75 54 60 72 66 60 56 79 56 77 78 80 57 55 75 55 75 68 64 57 75 70
15 24 29 31 31 28 24 30 29 26 26 28 25 25 24 31 30 32 30 30 34 31 35 31 25 28 29
16 99 105 89 86 125 86 122 88 122 87 104 88 103 113 97 106 118 90 98 123 93 86 112 113 101 105
17 35 32 29 33 35 37 30 37 34 29 27 26 30 36 29 38 36 27 33 35 33 29 26 35 37 31
18 68 54 70 53 50 60 66 60 50 63 66 60 66 64 58 65 54 66 73 59 56 52 57 69 67 63
19 62 56 50 49 46 47 54 57 45 60 63 51 67 51 54 64 54 59 60 54 54 67 53 48 61 61
20 54 58 79 62 68 57 62 55 68 54 61 56 60 72 70 64 61 64 66 73 68 65 60 59 71 66
21 94 84 94 82 72 77 99 79 86 90 89 75 98 89 90 78 78 94 101 93 90 90 77 98 98 91
22 41 32 33 31 37 35 40 39 32 41 36 35 32 35 35 42 44 35 33 33 36 37 32 40 43 30
23 35 33 34 35 43 37 42 40 33 37 47 40 44 37 39 43 43 45 43 43 37 48 41 44 36 37
24 74 73 85 76 77 59 68 71 81 71 69 86 81 85 85 68 74 77 59 63 69 76 69 72 73 70
25 94 91 102 71 90 74 102 76 79 99 100 94 72 75 84 90 71 75 86 80 76 69 76 74 78 94
26 13 17 15 19 13 17 14 18 18 17 16 18 18 18 17 17 16 18 13 14 18 19 15 13 14 19
27 60 44 47 51 49 49 49 59 53 49 52 57 60 47 44 51 42 44 42 61 50 49 58 60 54 53
28 53 53 66 71 76 59 68 78 57 56 61 70 64 68 59 67 76 68 54 63 77 59 77 71 78 61
29 36 38 37 39 34 47 37 46 39 40 45 40 45 45 39 36 39 44 40 46 35 41 34 49 45 43
30 81 68 60 85 69 60 66 61 80 65 62 70 71 66 75 83 84 79 72 69 58 69 67 73 79 62
31 53 53 46 44 49 58 44 41 47 50 51 45 52 44 61 45 48 49 45 56 44 45 51 42 57 56
32 16 15 18 19 19 18 13 14 14 18 18 14 15 14 13 18 17 15 17 15 16 18 13 16 13 18
33 15 14 13 16 15 13 13 16 13 15 17 15 13 12 16 14 16 15 12 16 18 16 13 14 14 14
34 15 15 16 15 13 12 18 14 14 14 16 16 14 14 15 17 15 14 12 13 15 15 12 17 12 12
35 94 68 78 77 79 75 68 69 97 96 101 99 82 93 93 98 72 76 79 82 91 87 80 93 101 97
36 70 49 65 63 71 59 59 58 62 50 51 55 63 57 51 59 65 61 68 60 50 59 71 62 56 55
37 21 20 19 25 23 24 26 19 20 27 24 25 23 21 19 23 19 20 20 20 19 23 23 24 23 22
38 12 13 14 11 16 13 13 11 13 13 12 15 13 12 10 12 11 15 12 13 13 12 15 14 13 13
39 16 17 18 22 16 20 21 17 17 19 19 16 20 18 20 23 18 16 17 21 22 22 16 17 22 23
40 101 105 108 126 116 109 101 91 107 107 99 129 94 127 91 125 95 89 101 104 129 90 124 97 99 115
41 174 231 173 247 177 199 214 196 194 200 229 177 246 208 195 216 181 256 187 208 235 194 198 246 219 223
42 95 87 77 68 68 74 92 85 65 64 73 83 72 95 85 76 85 86 65 95 74 85 90 70 83 68
43 37 32 31 32 32 35 38 38 42 44 36 36 40 30 31 33 32 30 32 40 35 41 34 36 32 33
44 87 99 71 94 73 92 77 97 73 98 93 72 97 71 98 72 78 72 75 79 97 75 85 88 72 80
45 15 21 15 19 20 20 21 15 19 17 15 21 19 15 21 22 20 19 17 18 15 19 16 18 17 19
46 14 13 11 12 10 10 12 14 10 14 12 13 11 13 11 10 12 10 10 11 14 14 10 14 12 13
47 32 27 26 23 28 30 34 28 34 27 32 29 33 29 30 33 25 30 31 25 32 34 24 27 33 28
48 33 35 40 31 31 31 41 40 37 35 35 36 36 38 43 44 31 32 39 33 43 42 35 37 36 37
49 11 11 13 12 15 14 12 12 11 12 13 14 11 14 15 13 13 11 14 14 15 12 13 13 12 13
50 60 77 61 70 70 75 65 78 57 83 80 62 58 73 82 84 82 81 82 75 77 70 57 82 62 82
51 205 258 232 209 232 239 248 207 206 243 222 179 227 202 228 192 198 219 253 177 243 205 258 188 249 179
52 70 85 77 68 65 78 64 61 66 71 70 63 75 68 62 64 74 58 59 62 59 74 58 81 59 80
53 101 81 82 72 82 87 95 84 83 79 91 73 72 95 89 84 74 98 92 75 93 84 79 91 73 90
54 36 46 43 38 38 36 49 49 45 35 50 40 51 36 40 43 38 41 36 51 46 42 51 50 51 43
55 116 110 91 110 109 95 103 90 113 91 92 109 109 112 109 113 97 105 79 79 115 103 92 115 82 84
56 37 41 44 37 36 33 36 39 33 32 42 35 33 39 31 35 43 38 31 33 35 44 36 43 40 39
57 15 14 11 12 12 12 12 14 14 12 10 11 13 12 13 15 15 14 12 15 11 14 11 15 12 12
58 36 39 42 36 37 37 40 30 36 28 34 30 39 31 39 31 39 30 34 42 33 38 31 38 38 36
59 249 187 237 230 177 188 200 239 225 186 244 250 195 188 179 236 201 250 255 176 209 197 245 215 253 221
60 69 65 83 63 72 84 58 79 77 62 85 64 85 83 80 69 73 81 71 83 73 65 81 72 64 77
61 82 93 86 72 98 89 90 84 84 100 97 93 69 91 77 83 93 92 73 85 70 73 81 95 69 76
62 28 21 25 20 28 28 26 23 21 23 22 25 22 30 26 20 25 24 22 25 28 25 26 23 28 29
63 33 31 32 33 44 36 42 38 40 39 38 39 42 42 30 36 38 36 38 39 43 31 42 37 36 33
64 34 44 42 31 40 39 34 31 38 37 32 44 34 38 37 31 44 41 38 34 42 36 36 33 30 34
65 112 110 99 92 84 95 90 89 123 100 108 111 92 105 91 107 100 109 119 116 108 85 98 86 95 85
66 150 142 149 133 156 147 140 142 133 117 115 152 121 123 117 140 168 130 156 160 135 158 129 148 125 143
67 55 50 56 43 54 57 56 53 50 49 59 44 47 39 42 57 45 49 49 40 40 41 55 58 51 55
68 29 30 36 41 40 35 29 41 33 39 29 33 39 37 29 34 28 37 39 36 36 30 42 29 40 34
69 44 43 60 46 58 46 44 49 51 48 58 47 59 57 46 44 56 55 43 42 48 48 48 59 55 52
70 98 98 84 90 105 86 78 71 103 100 93 98 71 96 83 85 79 99 99 71 77 80 101 79 104 76
71 44 56 63 54 44 63 62 57 51 48 55 52 43 47 51 49 51 52 63 55 60 51 58 53 48 52
72 155 161 151 145 134 116 130 165 169 123 122 126 160 128 163 159 164 125 158 125 117 167 122 132 120 164
73 277 304 337 342 386 363 305 295 270 334 287 312 338 383 395 327 325 313 382 295 376 333 314 359 336 276
74 97 94 114 93 125 94 86 86 128 118 110 86 122 126 93 88 118 120 93 116 94 112 118 97 103 102
75 309 418 346 391 433 445 319 323 344 369 342 314 304 430 444 333 326 334 344 302 426 415 335 374 331 437
76 116 105 87 106 107 108 115 83 103 108 84 92 87 112 93 99 86 105 110 83 88 90 85 104 92 113
77 193 137 186 194 195 139 154 172 195 192 156 190 176 141 145 183 196 152 183 134 189 145 187 197 159 144
78 109 80 76 86 75 95 104 103 79 79 94 74 89 110 95 90 76 79 84 100 83 87 99 79 90 78
79 104 92 75 98 76 89 103 91 99 78 110 105 95 109 99 88 102 107 75 102 77 93 99 96 80 81
80 88 109 92 115 86 86 93 106 86 91 114 107 91 114 85 105 93 121 107 91 115 105 97 86 92 114
81 42 49 56 41 41 54 54 57 40 58 56 55 53 54 44 52 49 54 40 51 48 50 41 49 45 57
82 88 107 92 109 108 109 81 79 77 83 109 83 101 81 94 104 98 80 78 84 98 77 109 79 96 105
83 401 434 340 331 339 423 441 422 381 415 397 366 396 324 304 392 310 372 393 438 306 351 313 403 341 391
84 79 83 91 84 79 79 80 97 87 79 83 75 82 87 74 82 100 87 94 104 92 100 100 70 92 94
85 184 177 185 135 166 159 152 164 158 140 187 167 161 131 188 166 151 144 170 164 142 150 174 134 188 178
86 99 93 108 106 99 93 81 89 83 106 96 111 81 85 97 96 80 84 98 112 107 79 77 109 115 95
87 91 66 66 94 87 77 64 74 64 91 75 69 64 87 72 91 91 64 88 93 81 86 71 80 64 82
88 111 84 101 93 103 111 95 100 101 107 109 93 77 87 101 106 92 94 95 87 108 95 91 93 82 110
89 49 41 47 39 45 43 45 34 49 37 46 41 46 35 48 49 46 39 41 36 37 50 49 42 41 47
90 103 71 91 96 85 71 88 80 79 94 93 98 94 98 104 92 73 83 85 92 93 90 97 81 92 76
91 80 105 99 107 96 74 81 79 74 85 75 105 93 81 100 94 80 78 96 78 86 80 105 96 92 75
92 84 85 113 86 89 92 109 90 98 82 79 103 105 109 80 116 82 87 98 104 83 101 79 80 112 105
93 228 314 281 318 300 241 283 287 312 283 232 301 317 285 315 231 256 258 241 226 237 263 263 309 223 245
94 394 470 499 396 470 477 510 488 370 404 458 411 528 371 438 392 390 520 406 508 537 526 504 494 392 492
95 46 45 45 41 39 45 47 49 52 40 45 57 52 55 42 47 53 49 39 51 52 51 48 41 48 52
96 399 273 319 397 325 358 286 378 288 310 324 333 399 334 387 272 399 317 337 271 307 355 340 352 366 290
97 36 32 29 34 33 31 28 27 31 39 38 36 30 39 28 32 28 37 35 39 40 30 37 35 36 30
98 68 71 58 60 73 59 57 64 64 68 58 57 59 73 69 61 54 59 70 61 65 75 54 59 53 71
99 41 46 49 54 48 44 45 45 50 56 49 43 58 40 55 56 51 41 44 49 44 53 57 46 58 51
100 97 110 90 109 117 126 122 129 108 125 126 113 91 105 102 116 91 98 129 111 102 120 128 119 108 107
101 51 48 56 57 43 38 50 44 42 38 53 46 48 45 53 49 42 53 41 46 51 39 47 53 43 44
102 113 128 94 116 103 102 112 100 128 138 102 111 106 96 138 99 108 138 96 121 97 119 127 129 96 127
103 43 45 60 54 55 55 47 55 51 56 47 59 49 57 53 49 44 54 49 54 43 50 59 46 43 50
104 69 55 79 71 72 64 56 66 69 61 58 68 70 62 71 58 74 70 70 75 57 72 67 59 64 74
105 227 261 187 209 251 245 232 265 204 224 255 193 234 231 256 244 228 225 273 244 202 251 241 235 252 215
106 124 142 102 117 112 99 111 105 121 103 106 119 110 103 146 101 131 114 124 116 98 117 134 135 128 109
107 173 148 136 157 164 137 168 128 142 131 144 172 155 176 170 144 129 162 143 128 132 138 180 158 150 127
108 33 30 36 35 33 29 26 26 32 29 27 31 26 29 35 27 31 36 33 29 26 33 31 30 33 36
109 94 84 83 109 79 93 84 108 90 91 113 84 78 81 97 81 91 92 108 102 115 114 106 93 104 90
110 301 280 256 256 279 247 261 253 299 365 277 353 316 337 302 266 330 340 350 287 266 281 287 265 313 332
111 104 129 126 124 124 137 104 95 106 134 110 120 127 115 137 97 132 96 133 129 111 111 122 104 138 96
112 254 294 285 326 252 260 307 311 291 331 259 299 369 347 326 281 358 353 265 292 290 262 318 253 322 372
113 33 32 34 34 37 39 40 34 34 39 36 37 34 32 32 29 31 31 30 39 28 34 40 31 39 38
114 112 131 149 129 129 110 145 111 120 103 143 110 137 135 124 106 125 120 141 110 123 109 149 125 107 136
115 58 59 55 54 57 44 51 58 56 51 48 62 48 46 58 53 59 45 55 45 43 56 44 44 57 56
116 185 179 165 187 146 141 187 180 163 145 190 179 157 178 149 190 210 173 208 184 183 189 167 189 197 186
117 52 47 57 56 44 56 45 58 54 53 47 60 56 61 49 50 58 56 53 59 54 63 51 45 63 47
118 284 297 257 295 300 269 359 332 250 262 310 349 315 335 313 261 331 281 266 328 337 334 327 357 312 275
119 58 61 65 58 53 58 63 62 71 49 54 63 49 58 66 68 70 61 60 65 50 62 56 66 65 50
120 58 55 68 69 59 64 47 60 48 69 64 49 67 55 52 62 62 65 62 51 55 68 55 63 57 53
121 66 79 58 68 63 58 58 68 74 60 71 79 56 56 68 63 54 62 74 75 61 53 75 73 55 53
122 73 73 73 66 77 78 77 65 56 75 77 79 77 62 57 68 60 58 57 59 70 57 77 76 78 75
123 26 26 22 25 22 24 26 27 19 21 20 25 22 23 27 25 26 22 20 26 27 21 23 20 27 19
124 288 285 231 199 240 216 275 266 268 293 211 241 204 251 245 201 242 265 219 290 203 259 241 207 232 272
125 45 53 44 65 50 63 48 54 64 60 57 46 46 55 61 55 54 53 50 56 55 55 47 57 50 60
126 307 271 238 341 261 254 294 328 255 253 251 301 319 316 282 263 255 306 236 303 347 271 269 282 265 312
127 74 76 70 98 87 73 78 70 67 87 72 88 87 70 76 68 100 93 97 75 70 96 87 91 75 76
128 72 51 70 70 73 52 52 56 53 59 70 50 54 61 53 57 52 73 61 62 53 55 61 62 52 54
129 63 51 49 67 53 52 67 48 68 56 61 51 62 46 68 61 62 62 60 61 66 48 46 66 53 50
130 31 45 39 36 41 32 35 38 45 35 45 38 46 39 37 37 35 43 36 41 41 32 32 38 35 43
131 844 1048 922 922 1005 783 1063 1012 873 1125 909 870 905 960 1037 987 864 851 915 803 853 930 900 1021 789 817
132 471 424 507 495 609 541 575 592 576 524 416 531 430 571 410 416 613 531 474 596 454 454 461 567 434 559
133 718 676 581 556 675 624 706 681 531 567 597 611 582 511 504 576 679 552 702 744 578 654 657 572 693 515
134 455 530 450 502 372 464 501 363 429 400 456 361 433 396 476 453 496 460 372 486 495 514 449 527 471 419
135 58 67 72 67 81 59 80 76 72 61 66 58 80 63 59 63 57 81 70 58 69 70 78 80 61 64
136 45 57 50 57 45 48 59 60 63 59 43 45 62 52 54 51 53 57 48 46 52 55 62 48 45 46
137 54 49 53 46 47 40 58 55 54 57 44 43 44 53 42 39 52 50 48 42 49 54 42 45 45 45
138 93 96 80 98 84 74 90 103 105 80 92 81 99 110 96 110 87 74 91 78 95 85 89 74 83 109
139 269 252 216 221 239 200 249 247 218 260 277 196 200 217 189 267 211 278 260 229 200 196 194 247 201 255
140 112 100 124 104 132 94 106 105 100 138 136 138 104 113 116 136 123 136 98 136 99 101 114 100 107 136
141 308 214 292 260 260 287 256 281 262 283 286 269 306 306 235 273 255 284 267 301 284 291 282 312 278 234
142 120 163 126 126 120 122 166 150 170 176 175 139 148 119 133 152 171 138 154 158 124 147 134 141 135 128
143 79 67 73 65 84 69 77 72 79 74 70 80 67 72 63 60 86 73 88 70 61 76 61 85 63 75
144 366 367 320 386 299 356 389 395 329 393 270 302 300 396 341 383 288 310 290 333 313 328 330 364 360 358
145 366 330 343 333 270 295 313 324 315 259 342 266 374 388 282 339 369 283 270 387 331 347 373 336 305 260
146 86 120 119 102 85 111 113 109 95 117 95 86 103 111 106 90 106 96 93 102 113 114 93 86 124 101
147 42 42 58 58 42 58 57 56 42 53 44 47 50 50 55 42 60 49 57 58 44 51 42 52 44 42
148 59 62 57 58 62 58 68 54 55 52 50 55 46 60 50 58 68 62 62 54 50 48 60 50 55 58
149 68 63 63 57 73 57 59 55 74 62 74 54 57 70 78 60 65 65 76 70 68 59 57 76 64 64
150 50 43 41 55 41 54 54 55 48 56 47 43 44 57 57 52 42 42 41 56 44 42 58 40 46 44
151 118 105 120 109 90 122 114 116 127 122 122 95 93 128 120 98 92 120 104 107 118 117 120 95 96 102
152 42 44 31 31 35 43 45 34 35 38 32 44 36 31 40 39 44 31 38 38 40 34 44 35 44 44
153 25 22 26 26 27 27 27 25 32 22 25 25 31 28 28 23 24 24 28 24 26 31 26 24 32 30
154 66 66 72 77 67 67 64 57 68 64 80 68 59 72 68 55 60 68 65 73 65 62 75 76 71 64
155 188 199 216 248 178 190 228 181 178 226 171 200 190 195 173 184 246 180 224 215 220 170 204 169 203 210
156 217 216 214 214 167 225 240 205 168 181 239 220 193 232 174 226 190 207 242 233 201 216 233 225 234 227
157 93 70 81 71 91 92 70 76 83 79 94 67 87 93 71 85 72 68 76 67 94 72 73 96 92 70
158 37 36 36 40 31 32 42 36 41 41 36 33 30 28 30 35 38 42 38 35 28 33 28 31 31 35
159 69 67 51 59 67 48 63 59 56 51 53 53 54 56 69 47 47 47 67 57 63 47 50 65 49 68
160 34 34 39 35 45 48 38 41 43 50 36 43 43 34 36 37 49 40 42 38 43 50 35 36 37 49
161 68 56 73 78 69 56 64 81 70 58 61 59 75 78 61 78 63 59 55 65 55 76 60 61 60 59
162 65 63 58 74 73 61 78 74 57 70 59 67 79 60 73 65 63 58 58 80 57 59 76 55 77 64
163 60 71 66 77 63 55 63 78 59 73 75 70 70 56 64 57 74 76 65 78 69 56 60 81 74 73
164 106 84 108 86 106 91 91 103 84 112 87 100 83 103 103 108 106 83 116 115 124 94 101 120 92 97
165 114 103 97 100 86 86 118 83 111 90 86 121 88 107 92 83 121 113 121 112 105 83 89 104 111 88
166 95 103 110 120 123 95 111 114 116 84 118 107 93 113 119 84 115 116 110 88 119 109 106 107 102 120
167 117 114 116 117 123 108 99 102 103 100 84 108 101 101 107 116 85 90 94 92 98 119 118 119 108 105
168 87 115 89 107 94 120 112 86 96 111 94 103 121 117 90 88 109 95 115 114 86 91 88 87 104 103
169 68 67 56 58 80 78 79 68 76 75 73 71 59 57 75 79 73 80 65 56 72 79 71 75 68 69
170 84 105 89 122 97 92 85 117 97 106 119 86 117 93 118 105 102 114 99 118 118 105 104 89 98 95
171 71 77 81 77 71 60 56 60 67 72 69 80 79 64 77 78 62 63 55 55 58 58 66 65 71 73
172 85 119 92 96 112 122 102 100 83 85 106 107 93 83 108 112 87 111 119 104 117 112 116 96 114 108
173 109 100 92 104 104 84 93 105 110 96 100 93 105 98 105 85 119 98 97 119 90 112 101 109 119 84
174 61 79 66 77 75 62 71 77 77 62 82 62 61 64 77 80 73 57 71 70 62 78 67 70 72 74
175 90 84 123 90 94 83 121 119 101 84 111 115 98 116 103 117 97 84 94 104 117 90 85 118 106 88
176 98 123 100 83 84 97 118 106 100 91 88 109 89 122 110 84 118 101 115 99 112 108 107 120 97 120
177 10 12 10 12 10 11 10 11 9 11 10 8 8 12 11 10 10 10 9 8 11 10 9 11 11 10
178 160 191 201 176 199 197 201 164 213 203 216 214 202 224 157 152 219 213 223 221 185 151 209 170 187 159
179 156 123 153 148 144 138 161 146 122 147 137 107 111 120 146 149 145 131 122 160 111 124 134 151 112 146
180 103 92 95 78 87 75 74 82 75 72 98 74 75 85 92 85 92 102 77 82 77 99 86 98 88 94
181 55 50 67 64 50 48 63 67 69 54 68 67 52 47 57 50 66 68 53 49 49 52 66 61 56 61
182 52 42 50 43 41 54 44 52 53 57 47 58 43 55 40 47 50 56 58 58 58 44 56 43 45 49
183 116 141 125 135 136 148 139 151 128 133 116 136 124 155 114 131 153 140 136 127 117 109 150 117 129 150
184 47 53 44 50 61 61 45 58 56 60 59 61 57 62 59 48 56 45 48 50 52 50 63 56 44 43
185 273 292 379 293 369 351 283 353 272 369 321 307 340 308 388 301 311 393 281 379 314 286 308 323 339 267
186 28 22 26 26 28 28 25 23 25 20 27 27 27 21 20 22 23 23 20 22 26 23 24 21 22 28
187 82 74 82 62 65 76 77 78 82 88 82 71 86 90 75 82 66 86 78 75 88 69 72 64 75 76
188 79 84 79 82 76 72 64 79 79 76 84 65 86 77 84 71 86 62 68 85 72 62 65 80 88 67
189 155 214 212 174 177 191 189 168 164 155 199 159 161 209 200 206 175 178 222 155 219 188 154 168 213 207
190 117 100 108 91 108 96 84 102 90 82 79 110 101 96 97 102 81 95 102 81 115 108 111 83 85 98
191 209 231 267 268 300 236 277 228 282 299 235 285 219 252 306 256 287 260 216 247 251 247 256 219 225 306
192 156 142 179 137 166 178 152 158 140 133 188 184 191 147 189 147 171 194 193 149 136 186 154 156 184 135
193 37 38 44 42 31 31 40 36 39 39 32 37 42 38 37 45 35 34 34 35 33 45 36 38 40 42
194 127 107 106 100 118 120 134 121 130 131 121 108 104 117 102 133 94 96 100 134 106 122 131 110 112 127
195 69 70 83 96 91 72 75 81 77 71 80 99 92 98 96 77 79 67 86 77 89 68 87 67 95 73
196 56 61 49 57 64 49 47 49 63 66 66 57 47 56 50 56 66 60 62 61 53 47 45 56 52 60
197 28 35 28 32 25 29 32 27 29 29 24 23 34 29 24 29 25 34 24 27 34 26 31 34 33 35
198 347 353 274 296 280 337 244 323 311 263 277 361 338 299 296 335 286 289 326 243 299 362 342 305 262 358
199 17 19 18 15 18 16 17 20 20 20 21 21 15 19 19 19 20 18 19 21 17 18 15 19 21 19
200 35 32 27 26 26 33 27 27 31 30 28 33 32 25 30 32 27 34 23 32 29 28 24 25 28 23
201 147 126 131 133 172 124 169 158 150 161 143 146 153 127 160 139 130 179 141 170 152 171 163 138 134 183
202 89 83 91 91 106 97 99 94 107 96 92 82 106 97 104 98 101 85 89 85 96 81 84 88 92 76
203 88 90 94 94 110 84 105 78 81 94 97 94 95 86 81 76 109 95 84 80 75 80 101 106 81 86
204 109 105 78 85 94 99 96 102 84 104 80 91 112 76 104 101 103 98 101 81 110 102 85 98 101 92
205 164 152 163 197 164 164 174 176 173 164 187 175 155 193 162 185 137 189 144 162 179 189 162 186 135 138
<task directions>
1 E
2 E
3 R
4 L
5 E
6 E
7 R
8 R
9 R
10 R
11 R
12 R
13 L
14 L
15 L
16 L
17 L
18 L
19 E
20 E
21 E
22 E
23 E
24 E
25 R
26 L
27 R
28 R
29 R
30 R
31 R
32 R
33 R
34 L
35 E
36 E
37 L
38 L
39 L
40 E
41 E
42 E
43 L
44 L
45 L
46 L
47 L
48 L
49 L
50 L
51 L
52 L
53 L
54 R
55 R
56 R
57 R
58 R
59 R
60 R
61 R
62 E
63 E
64 E
65 E
66 E
67 E
68 E
69 E
70 E
71 E
72 E
73 E
74 E
75 E
76 E
77 E
78 L
79 R
80 E
81 E
82 E
83 E
84 E
85 E
86 E
87 E
88 E
89 E
90 R
91 R
92 R
93 R
94 E
95 R
96 E
97 E
98 E
99 E
100 E
101 E
102 E
103 E
104 R
105 L
106 L
107 E
108 L
109 E
110 R
111 L
112 R
113 E
114 L
115 E
116 R
117 E
118 E
119 E
120 E
121 E
122 E
123 E
124 E
125 E
126 R
127 E
128 E
129 E
130 R
131 E
132 R
133 R
134 R
135 L
136 L
137 E
138 E
139 E
140 L
141 L
142 L
143 L
144 E
145 E
146 L
147 L
148 R
149 R
150 R
151 E
152 L
153 L
154 E
155 E
156 E
157 E
158 R
159 R
160 E
161 R
162 R
163 R
164 R
165 R
166 R
167 R
168 R
169 L
170 L
171 L
172 L
173 L
174 L
175 L
176 L
177 E
178 E
179 L
180 L
181 L
182 L
183 L
184 L
185 E
186 R
187 R
188 L
189 E
190 E
191 R
192 E
193 R
194 E
195 L
196 R
197 R
198 R
199 R
200 R
201 L
202 L
203 L
204 E
205 E
<precedence relations>
1,36
2,3
2,4
3,5
4,5
5,7
5,13
6,36
7,8
8,9
9,10
10,11
11,12
12,36
13,14
14,15
15,16
16,17
17,18
18,36
19,36
20,22
21,22
22,23
23,24
23,34
24,26
24,27
24,28
25,28
26,35
27,35
28,29
29,30
29,33
30,31
30,32
31,35
32,35
33,35
34,35
35,36
36,37
36,40
36,41
36,42
36,62
36,69
36,72
36,75
36,83
36,110
36,111
36,112
37,38
38,39
39,45
40,43
40,54
41,92
42,43
42,54
43,44
44,45
45,46
45,48
45,51
45,53
46,47
47,92
48,49
49,50
50,92
51,52
52,92
53,92
54,55
55,56
55,59
55,61
56,57
57,58
58,92
59,60
60,92
61,92
62,63
63,64
64,65
64,68
65,66
66,67
67,80
68,80
69,70
70,71
71,73
72,73
73,74
74,76
75,92
76,77
76,78
76,79
77,80
77,82
78,80
79,80
80,81
81,84
82,92
83,92
84,85
85,86
85,88
85,90
86,87
87,92
88,89
89,92
90,91
91,92
92,93
92,94
92,95
92,96
92,97
92,98
92,99
93,135
94,135
95,113
96,113
97,100
98,100
99,100
100,101
100,103
100,105
100,109
100,130
100,131
100,134
101,102
102,113
103,104
104,113
105,106
105,107
106,108
107,108
108,113
109,113
110,113
111,113
112,113
113,114
113,115
113,116
113,117
113,118
113,119
113,120
113,121
113,122
113,123
113,124
113,161
113,162
113,163
113,169
113,171
113,174
113,203
113,204
113,205
114,160
115,160
116,160
117,160
118,126
119,126
120,126
121,126
122,126
123,126
124,125
125,126
126,127
126,128
126,129
127,135
128,135
129,135
130,136
131,132
132,133
133,189
134,189
135,136
135,137
135,138
135,139
135,140
135,141
135,142
135,144
135,145
135,147
135,148
135,149
135,150
135,151
135,152
135,153
135,158
136,189
137,160
138,160
139,160
140,143
141,143
142,143
143,160
144,160
145,146
146,160
147,160
148,160
149,160
150,160
151,160
152,160
153,154
154,155
155,156
156,157
157,189
158,159
159,189
160,164
160,170
160,178
160,179
160,184
161,167
162,165
163,164
164,165
165,166
166,167
167,168
168,177
169,170
170,172
171,172
172,173
173,175
174,175
175,176
176,177
177,185
177,186
177,187
177,188
177,194
177,195
178,180
179,180
180,181
180,183
181,182
185,189
186,189
187,189
188,189
189,190
189,191
189,193
191,192
194,197
195,196
196,197
197,198
197,199
197,201
199,200
201,202
<end>