<number of tasks>
205
<number of mated-station>
6
<type of the robots>
12
<limit of the robots>
1 1
2 1
3 1
4 1
5 1
6 1
7 1
8 1
9 1
10 1
11 1
12 1
<task times>
1 556 724 715 727 773 811 794 648 759 586 672 564
2 47 37 42 36 46 50 37 40 35 45 50 34
3 216 219 246 280 306 310 247 254 281 301 258 311
4 252 269 236 258 227 308 296 270 252 226 291 306
5 130 171 150 183 136 137 126 139 137 153 181 138
6 75 99 92 89 75 91 81 80 101 96 103 106
7 64 58 45 61 59 60 45 62 63 47 44 65
8 72 79 60 76 67 69 60 57 58 76 64 64
9 24 30 33 26 26 33 26 29 32 30 30 31
10 124 110 96 93 116 117 109 104 114 123 96 90
11 38 30 29 34 33 28 37 37 26 26 36 29
12 55 60 62 71 69 63 62 70 71 51 73 64
13 59 48 44 53 44 57 56 48 62 49 45 50
14 60 58 72 65 63 69 78 57 64 70 78 54
15 35 25 31 33 28 33 26 24 34 34 35 25
16 88 93 85 106 110 127 116 125 107 90 124 115
17 28 34 31 33 33 34 35 30 33 37 35 30
18 53 57 53 72 67 64 63 68 61 53 68 54
19 63 48 62 58 59 54 52 53 64 52 53 59
20 57 79 72 76 78 59 54 75 57 78 71 56
21 86 70 88 83 103 88 102 94 96 99 71 91
22 31 30 31 39 38 33 40 31 37 30 44 35
23 41 49 42 44 41 40 47 35 49 34 37 44
24 76 76 65 78 71 77 68 70 81 61 65 76
25 70 88 95 98 74 101 85 94 70 87 84 79
26 19 18 17 14 15 17 18 14 18 15 16 16
27 50 60 42 43 42 51 44 43 54 48 61 46
28 54 74 75 56 55 53 56 55 56 64 67 77
29 46 36 40 34 34 34 46 33 37 44 40 37
30 60 85 60 83 84 86 61 59 81 59 80 73
31 49 43 57 53 41 49 52 53 47 41 52 49
32 14 14 15 13 14 13 16 16 17 16 16 18
33 15 17 16 13 14 15 14 15 13 12 18 12
34 17 12 17 12 15 12 15 16 14 15 17 13
35 78 99 75 69 89 90 81 84 94 85 77 87
36 65 67 56 68 63 53 50 48 54 67 53 70
37 26 19 24 25 24 21 19 25 27 22 25 20
38 15 11 11 13 14 13 10 13 14 13 14 13
39 18 20 16 20 23 18 17 16 17 21 21 19
40 119 107 97 95 88 90 103 110 87 116 121 98
41 254 194 205 246 205 224 227 206 206 255 202 182
42 87 88 65 69 94 74 82 68 74 66 82 65
43 33 31 33 40 39 35 34 35 36 40 38 36
44 75 74 90 83 92 82 92 80 70 76 96 77
45 18 19 19 16 20 19 19 16 16 20 21 20
46 13 13 11 14 14 13 13 10 11 10 12 11
47 31 30 25 33 28 27 25 27 27 33 34 27
48 33 33 36 37 32 40 43 30 31 30 30 32
49 14 12 13 13 10 12 15 13 14 12 12 13
50 74 77 74 73 62 81 70 76 61 63 72 71
51 255 228 233 177 205 213 243 214 209 259 243 256
52 85 68 74 77 59 63 69 76 69 72 73 70
53 93 90 101 71 89 73 101 75 78 97 99 92
54 36 37 42 45 36 37 43 40 38 35 38 37
55 87 106 79 104 89 115 78 102 84 108 112 103
56 37 41 42 42 39 40 37 42 31 32 41 43
57 12 11 11 15 15 11 12 13 12 12 12 15
58 37 33 35 39 41 32 30 35 29 30 29 42
59 213 208 247 255 232 226 174 175 219 234 250 195
60 74 85 62 61 66 77 70 75 65 73 83 74
61 69 81 99 76 99 91 100 78 74 78 76 81
62 21 29 23 28 24 24 27 25 27 28 24 22
63 35 40 36 42 32 37 31 44 40 39 42 35
64 31 44 36 31 34 31 41 34 32 36 37 34
65 107 119 119 113 103 99 83 98 96 104 113 89
66 146 146 127 122 134 159 121 113 129 137 139 124
67 50 43 59 43 46 47 43 54 42 43 49 40
68 39 39 34 34 39 41 42 40 29 31 31 38
69 58 45 48 46 43 56 54 48 54 49 51 58
70 71 87 72 99 88 80 74 93 90 74 74 94
71 46 52 60 53 45 43 57 48 57 53 44 56
72 172 156 122 135 130 131 147 142 153 144 124 118
73 394 325 326 325 367 349 317 319 337 380 345 319
74 89 92 110 110 87 119 89 88 119 86 98 97
75 346 329 299 303 421 418 442 433 358 405 404 429
76 82 87 90 94 104 99 91 106 115 110 115 80
77 183 176 199 166 165 162 174 139 144 155 178 159
78 80 91 102 96 105 94 78 92 110 97 88 85
79 82 82 74 98 92 94 102 76 79 109 95 102
80 108 98 86 106 86 92 90 93 89 104 105 112
81 50 47 45 49 54 43 59 50 49 43 50 49
82 82 108 89 86 74 84 81 103 83 91 92 83
83 420 403 377 382 303 327 359 431 321 393 420 323
84 76 88 88 72 93 83 93 103 82 73 77 94
85 187 190 140 147 189 194 151 157 162 189 174 163
86 89 81 95 95 88 115 84 113 81 111 85 79
87 74 76 94 66 91 71 72 84 64 85 64 91
88 80 89 96 88 87 90 103 79 110 93 88 97
89 35 50 37 41 46 38 39 48 43 44 50 46
90 85 75 75 81 101 94 72 71 80 91 80 105
91 96 85 95 97 73 106 84 95 102 79 93 76
92 96 83 81 83 85 93 100 101 111 115 95 96
93 292 222 228 241 234 222 230 295 258 301 247 261
94 392 397 468 531 380 504 394 495 415 523 390 527
95 53 41 55 41 56 41 44 41 43 45 55 43
96 343 356 289 320 282 403 282 349 369 369 397 282
97 35 32 29 40 36 28 39 41 38 36 32 34
98 54 69 56 65 62 69 73 72 59 67 56 53
99 49 59 42 58 51 53 46 54 45 43 50 41
100 94 107 132 130 92 128 108 119 124 103 100 90
101 46 49 56 46 56 44 54 48 55 48 49 55
102 100 122 126 103 128 135 96 110 134 114 104 110
103 55 41 42 42 55 54 51 48 48 49 48 51
104 79 81 57 60 71 61 79 78 64 67 66 68
105 195 195 230 214 273 242 214 220 193 208 231 251
106 100 131 139 118 119 104 129 134 140 110 125 125
107 141 157 130 165 132 151 151 163 139 168 124 179
108 36 28 26 33 36 37 36 36 36 33 34 31
109 80 114 86 114 91 115 104 93 104 107 111 93
110 293 344 315 254 322 287 323 273 281 311 359 251
111 130 110 138 101 133 96 113 137 123 110 104 126
112 278 263 286 308 305 272 323 293 268 275 319 250
113 28 29 28 35 27 38 28 38 41 32 33 29
114 124 131 144 126 125 119 137 110 108 142 134 126
115 47 62 59 48 59 53 50 58 47 57 46 58
116 176 153 154 145 201 200 181 141 203 164 207 146
117 51 55 49 52 46 65 59 54 65 64 65 54
118 367 347 286 348 344 300 325 283 356 289 292 343
119 66 68 66 69 59 64 48 48 70 63 56 70
120 50 51 58 66 70 59 57 53 58 62 53 50
121 75 63 59 69 56 63 76 67 54 59 63 78
122 65 76 71 69 76 71 58 62 61 63 63 72
123 25 21 19 19 22 22 23 26 27 24 22 26
124 205 256 199 279 218 221 253 269 292 249 256 256
125 61 46 55 44 52 46 60 47 60 48 60 47
126 286 351 278 316 263 318 319 306 337 253 321 312
127 68 73 77 93 87 72 94 97 76 73 69 91
128 56 70 72 49 59 55 69 60 71 62 58 55
129 66 50 57 67 46 63 61 49 67 51 67 66
130 42 37 39 43 38 44 39 34 43 38 34 41
131 911 1037 958 797 1093 993 1003 936 932 1113 1083 1030
132 416 546 465 502 559 555 442 514 421 437 485 574
133 510 560 699 525 636 506 692 692 657 579 536 567
134 395 451 383 532 465 364 444 422 389 452 504 439
135 69 63 75 78 60 57 58 60 80 66 76 69
136 57 56 55 56 60 61 44 51 54 52 54 55
137 57 42 56 49 47 43 45 58 56 42 53 51
138 84 78 94 93 81 109 86 95 92 78 110 102
139 244 216 268 231 233 212 191 218 258 251 228 210
140 95 107 101 101 138 112 121 125 104 118 103 120
141 257 280 306 298 278 219 253 221 243 220 284 268
142 159 141 166 157 149 151 141 125 123 162 129 131
143 62 74 89 69 83 85 71 84 68 78 66 76
144 371 338 378 289 366 388 383 358 336 331 397 298
145 312 260 279 379 297 321 322 262 263 272 363 382
146 109 116 88 91 107 123 119 105 87 120 97 117
147 43 48 57 54 43 50 41 53 57 52 52 44
148 69 48 66 56 50 49 68 52 66 52 50 55
149 67 63 76 62 78 75 61 58 74 72 57 55
150 47 46 46 57 53 50 54 54 47 50 59 48
151 95 87 125 121 113 119 86 116 101 104 96 120
152 43 31 33 34 44 34 45 33 31 40 45 38
153 23 32 32 29 26 24 28 26 22 24 26 25
154 65 67 81 71 77 65 74 68 62 67 73 76
155 218 209 193 167 188 238 243 177 175 182 230 184
156 229 224 230 176 221 175 164 234 171 185 168 230
157 68 75 83 84 95 89 75 73 67 82 71 77
158 35 40 41 34 34 33 40 31 39 35 33 37
159 58 48 53 51 62 50 68 51 47 47 70 64
160 43 34 48 50 37 35 46 47 36 46 37 44
161 75 62 65 65 57 77 63 72 79 82 58 59
162 63 68 63 58 56 79 81 61 60 61 63 55
163 78 76 61 69 61 80 82 73 61 75 75 76
164 122 88 110 115 89 97 93 119 99 105 91 112
165 117 88 93 95 91 110 98 120 119 85 115 120
166 121 86 96 107 121 119 97 118 109 87 90 114
167 122 94 113 83 117 90 116 122 99 89 122 90
168 85 96 84 106 117 115 89 89 105 83 100 123
169 70 66 56 58 62 74 61 64 73 59 66 58
170 117 103 84 110 85 99 116 102 111 87 123 117
171 70 81 73 65 75 79 56 75 57 69 73 71
172 89 90 85 106 89 112 84 84 90 103 84 88
173 111 104 88 111 83 102 91 118 104 88 112 102
174 62 55 59 73 58 68 77 57 56 75 75 79
175 84 121 118 116 112 114 93 110 102 113 84 108
176 100 104 87 103 94 120 98 120 103 122 121 122
177 9 9 8 9 12 9 11 9 10 11 11 9
178 159 171 200 156 222 162 195 213 202 219 171 167
179 122 153 159 153 137 150 143 132 143 117 110 142
180 74 89 94 105 73 84 75 97 82 94 81 85
181 61 56 53 52 54 65 58 52 56 50 55 58
182 41 46 57 49 53 59 52 57 56 39 52 53
183 153 146 153 111 138 131 126 136 131 116 155 138
184 53 43 61 54 49 47 56 54 46 49 57 44
185 388 367 345 322 376 369 346 323 283 311 290 367
186 24 28 20 21 24 24 20 21 24 28 27 20
187 61 86 91 75 87 63 64 91 83 74 61 71
188 61 87 72 66 62 84 70 88 88 61 85 89
189 197 208 174 194 155 199 222 168 201 187 206 221
190 97 102 103 109 111 95 79 89 103 109 94 96
191 254 233 290 256 245 249 221 296 300 255 288 238
192 175 171 178 135 192 146 180 159 180 136 188 194
193 42 35 37 33 34 45 45 38 37 43 45 31
194 119 126 111 93 115 105 104 122 122 128 122 128
195 98 86 69 78 80 87 88 84 92 77 87 72
196 50 65 62 67 60 46 50 49 46 53 46 65
197 30 26 32 30 26 25 31 25 28 26 34 31
198 310 254 262 266 352 268 279 288 342 280 305 255
199 15 19 19 20 15 22 15 16 18 19 15 19
200 24 24 33 31 25 34 30 34 32 26 30 31
201 178 162 132 172 181 162 180 131 146 147 137 129
202 79 88 88 103 74 82 79 94 99 79 94 95
203 105 100 76 83 94 85 109 76 90 81 80 107
204 84 106 112 109 105 103 81 102 90 89 89 81
205 134 156 161 168 179 139 155 197 178 188 144 163
<task directions>
1 E
2 E
3 R
4 L
5 E
6 E
7 R
8 R
9 R
10 R
11 R
12 R
13 L
14 L
15 L
16 L
17 L
18 L
19 E
20 E
21 E
22 E
23 E
24 E
25 R
26 L
27 R
28 R
29 R
30 R
31 R
32 R
33 R
34 L
35 E
36 E
37 L
38 L
39 L
40 E
41 E
42 E
43 L
44 L
45 L
46 L
47 L
48 L
49 L
50 L
51 L
52 L
53 L
54 R
55 R
56 R
57 R
58 R
59 R
60 R
61 R
62 E
63 E
64 E
65 E
66 E
67 E
68 E
69 E
70 E
71 E
72 E
73 E
74 E
75 E
76 E
77 E
78 L
79 R
80 E
81 E
82 E
83 E
84 E
85 E
86 E
87 E
88 E
89 E
90 R
91 R
92 R
93 R
94 E
95 R
96 E
97 E
98 E
99 E
100 E
101 E
102 E
103 E
104 R
105 L
106 L
107 E
108 L
109 E
110 R
111 L
112 R
113 E
114 L
115 E
116 R
117 E
118 E
119 E
120 E
121 E
122 E
123 E
124 E
125 E
126 R
127 E
128 E
129 E
130 R
131 E
132 R
133 R
134 R
135 L
136 L
137 E
138 E
139 E
140 L
141 L
142 L
143 L
144 E
145 E
146 L
147 L
148 R
149 R
150 R
151 E
152 L
153 L
154 E
155 E
156 E
157 E
158 R
159 R
160 E
161 R
162 R
163 R
164 R
165 R
166 R
167 R
168 R
169 L
170 L
171 L
172 L
173 L
174 L
175 L
176 L
177 E
178 E
179 L
180 L
181 L
182 L
183 L
184 L
185 E
186 R
187 R
188 L
189 E
190 E
191 R
192 E
193 R
194 E
195 L
196 R
197 R
198 R
199 R
200 R
201 L
202 L
203 L
204 E
205 E
<precedence relations>
1,36
2,3
2,4
3,5
4,5
5,7
5,13
6,36
7,8
8,9
9,10
10,11
11,12
12,36
13,14
14,15
15,16
16,17
17,18
18,36
19,36
20,22
21,22
22,23
23,24
23,34
24,26
24,27
24,28
25,28
26,35
27,35
28,29
29,30
29,33
30,31
30,32
31,35
32,35
33,35
34,35
35,36
36,37
36,40
36,41
36,42
36,62
36,69
36,72
36,75
36,83
36,110
36,111
36,112
37,38
38,39
39,45
40,43
40,54
41,92
42,43
42,54
43,44
44,45
45,46
45,48
45,51
45,53
46,47
47,92
48,49
49,50
50,92
51,52
52,92
53,92
54,55
55,56
55,59
55,61
56,57
57,58
58,92
59,60
60,92
61,92
62,63
63,64
64,65
64,68
65,66
66,67
67,80
68,80
69,70
70,71
71,73
72,73
73,74
74,76
75,92
76,77
76,78
76,79
77,80
77,82
78,80
79,80
80,81
81,84
82,92
83,92
84,85
85,86
85,88
85,90
86,87
87,92
88,89
89,92
90,91
91,92
92,93
92,94
92,95
92,96
92,97
92,98
92,99
93,135
94,135
95,113
96,113
97,100
98,100
99,100
100,101
100,103
100,105
100,109
100,130
100,131
100,134
101,102
102,113
103,104
104,113
105,106
105,107
106,108
107,108
108,113
109,113
110,113
111,113
112,113
113,114
113,115
113,116
113,117
113,118
113,119
113,120
113,121
113,122
113,123
113,124
113,161
113,162
113,163
113,169
113,171
113,174
113,203
113,204
113,205
114,160
115,160
116,160
117,160
118,126
119,126
120,126
121,126
122,126
123,126
124,125
125,126
126,127
126,128
126,129
127,135
128,135
129,135
130,136
131,132
132,133
133,189
134,189
135,136
135,137
135,138
135,139
135,140
135,141
135,142
135,144
135,145
135,147
135,148
135,149
135,150
135,151
135,152
135,153
135,158
136,189
137,160
138,160
139,160
140,143
141,143
142,143
143,160
144,160
145,146
146,160
147,160
148,160
149,160
150,160
151,160
152,160
153,154
154,155
155,156
156,157
157,189
158,159
159,189
160,164
160,170
160,178
160,179
160,184
161,167
162,165
163,164
164,165
165,166
166,167
167,168
168,177
169,170
170,172
171,172
172,173
173,175
174,175
175,176
176,177
177,185
177,186
177,187
177,188
177,194
177,195
178,180
179,180
180,181
180,183
181,182
185,189
186,189
187,189
188,189
189,190
189,191
189,193
191,192
194,197
195,196
196,197
197,198
197,199
197,201
199,200
201,202
<end>