<number of tasks>
205
<number of mated-station>
10
<type of the robots>
20
<limit of the robots>
1 1
2 1
3 1
4 1
5 1
6 1
7 1
8 1
9 1
10 1
11 1
12 1
13 1
14 1
15 1
16 1
17 1
18 1
19 1
20 1
<task times>
1 556 724 715 727 773 811 794 648 759 586 672 564 781 611 689 588 761 826 611 653
2 35 45 50 34 35 35 40 45 49 50 40 41 45 48 41 50 41 43 38 42
3 227 308 296 270 252 226 291 306 215 284 249 304 226 229 210 231 228 254 301 229
4 217 288 266 257 216 264 236 233 294 278 299 308 310 280 218 296 287 290 219 301
5 183 135 127 188 169 186 141 179 156 162 140 132 135 178 150 150 127 158 172 134
6 79 100 78 87 96 89 90 93 105 93 81 79 98 100 92 88 97 104 82 77
7 65 50 49 57 56 47 63 62 43 43 61 49 48 53 54 62 60 55 54 61
8 77 56 79 70 73 60 55 65 55 71 70 60 77 61 56 61 60 58 72 65
9 28 31 35 26 29 31 35 24 35 25 31 33 28 33 26 24 34 34 35 25
10 88 93 85 106 110 127 116 125 107 90 124 115 92 111 104 110 109 113 115 101
11 33 37 35 30 28 30 27 37 35 33 33 35 32 28 35 28 36 27 35 33
12 65 59 58 59 71 57 59 66 53 73 67 70 72 55 50 69 53 72 65 51
13 54 44 55 52 65 55 64 59 60 62 44 57 45 43 45 57 56 48 59 46
14 66 55 79 63 66 80 69 71 67 65 77 57 80 56 61 72 71 70 60 73
15 30 32 28 29 34 25 27 32 25 31 33 34 26 35 29 33 25 30 29 28
16 127 120 110 92 100 112 121 91 121 101 108 107 103 125 86 89 88 106 92 90
17 34 30 38 29 26 36 36 27 27 26 27 27 27 31 32 37 36 28 31 26
18 52 52 69 50 55 67 61 55 52 73 52 72 72 74 53 50 69 51 69 63
19 53 47 63 59 45 54 58 58 52 45 57 53 49 48 51 47 47 45 57 56
20 72 66 67 76 68 78 70 56 62 66 63 66 56 55 79 54 77 56 77 55
21 84 71 84 92 79 86 95 73 79 100 76 70 91 91 82 85 95 86 78 88
22 41 42 35 43 40 33 31 30 34 42 34 44 41 31 39 41 38 34 30 40
23 48 40 45 36 46 35 33 40 44 39 33 42 43 40 44 42 38 43 36 43
24 85 68 65 61 66 80 78 73 80 71 65 63 59 60 69 74 58 77 80 66
25 102 78 82 99 82 90 91 83 83 103 81 73 94 94 70 74 101 80 88 73
26 15 13 16 13 14 13 14 17 17 15 15 15 16 17 16 16 14 14 17 16
27 56 50 56 49 43 46 59 47 51 53 53 45 58 53 53 46 46 56 60 55
28 69 69 59 75 75 70 73 57 58 55 66 62 71 69 56 74 64 62 56 62
29 38 46 49 38 36 37 39 41 36 44 47 33 35 33 34 35 43 37 42 40
30 58 65 83 70 77 65 68 75 76 79 76 75 64 84 72 78 62 64 74 73
31 60 54 55 42 48 50 57 50 49 61 57 60 60 48 52 55 42 45 49 54
32 15 16 16 16 18 17 19 13 17 14 19 14 15 18 19 17 13 14 16 17
33 12 13 15 14 13 12 13 13 14 16 12 16 14 18 12 16 13 17 17 16
34 15 17 17 17 16 16 15 17 13 13 17 17 14 12 13 18 18 13 14 15
35 81 81 81 99 89 81 86 96 100 78 73 86 70 74 70 102 84 82 97 100
36 63 62 47 48 59 64 68 53 61 70 51 50 54 63 57 61 53 60 68 60
37 19 22 27 20 27 25 27 21 20 21 21 22 19 26 21 26 22 22 25 23
38 14 14 12 11 12 14 13 15 11 13 11 16 14 14 15 12 11 15 12 11
39 17 16 21 17 16 19 19 17 20 22 22 21 19 18 15 18 18 19 21 16
40 112 113 98 94 104 122 93 87 100 105 108 96 110 94 129 96 102 104 94 120
41 183 188 215 176 239 236 211 206 240 251 255 243 177 188 191 234 242 187 201 193
42 67 88 84 76 85 76 80 91 65 79 65 90 80 73 67 85 81 67 67 86
43 32 36 42 37 32 30 40 34 40 37 31 39 44 40 31 35 33 34 38 36
44 89 84 73 69 98 81 81 81 92 87 79 79 84 95 86 79 70 73 87 86
45 15 20 15 15 20 14 17 16 17 16 14 15 20 20 21 21 17 20 20 21
46 10 11 11 12 13 12 11 13 14 14 14 10 13 13 14 12 12 12 13 10
47 25 27 31 28 25 29 32 30 33 30 25 29 35 30 28 27 26 26 23 31
48 37 38 41 30 32 44 38 41 38 34 30 37 30 32 31 32 31 36 37 39
49 13 13 12 13 14 11 16 13 13 11 13 13 12 15 13 12 10 12 11 15
50 63 69 70 63 79 76 71 72 57 62 68 81 61 74 79 61 61 71 71 58
51 231 207 232 257 204 182 192 235 250 254 188 197 253 260 203 210 217 253 233 218
52 67 61 71 71 66 86 63 85 61 83 63 60 67 69 86 60 83 65 66 77
53 69 92 69 98 70 79 85 78 77 79 91 70 98 83 78 86 72 102 74 82
54 47 39 40 49 44 45 51 47 42 37 36 40 49 46 35 34 39 45 39 51
55 103 92 103 105 79 115 90 103 109 85 100 82 96 83 81 83 85 93 100 101
56 42 44 36 36 40 30 31 33 32 30 32 40 35 41 34 36 32 33 38 43
57 11 14 11 14 12 15 11 15 14 11 15 11 15 11 12 11 12 12 15 12
58 36 37 30 33 29 42 29 36 38 38 41 29 36 32 29 41 37 29 41 42
59 242 228 203 217 181 231 188 216 208 229 245 241 199 225 188 178 214 257 182 251
60 74 77 66 78 64 62 72 60 61 69 85 83 59 82 69 76 80 66 64 58
61 81 88 99 81 99 78 95 85 97 85 87 97 72 89 92 75 93 98 70 80
62 29 24 22 23 27 21 21 21 27 27 25 24 24 24 24 25 29 30 21 22
63 39 33 43 42 35 37 36 37 31 31 37 34 44 39 34 35 31 33 37 40
64 30 40 42 36 36 32 39 41 42 33 38 38 35 38 32 41 32 37 37 40
65 95 114 84 122 118 92 86 108 120 123 120 119 120 110 114 103 84 121 91 121
66 132 166 150 135 150 154 160 134 133 157 143 115 146 130 147 124 128 142 163 114
67 55 46 58 43 56 41 48 58 52 46 44 53 44 41 45 48 48 43 51 46
68 30 31 36 28 29 30 29 36 28 40 29 39 42 33 34 30 34 36 39 35
69 50 47 55 44 43 57 53 50 44 59 55 45 56 50 47 55 44 54 43 54
70 89 77 78 73 101 101 91 71 102 83 104 74 82 88 79 84 74 104 95 86
71 63 61 63 52 64 60 50 60 60 52 56 49 62 50 51 59 60 61 60 62
72 144 156 118 117 170 153 137 171 122 124 142 161 171 144 140 128 141 152 129 123
73 382 320 300 355 286 321 387 344 278 304 322 399 332 387 363 355 389 364 296 317
74 99 102 102 117 117 99 86 88 103 102 105 121 126 113 102 119 90 112 87 123
75 331 337 385 408 444 379 389 390 422 319 378 300 361 319 409 325 410 330 414 322
76 94 116 92 104 87 105 105 101 111 84 106 103 79 84 89 107 101 83 109 112
77 149 144 137 181 154 191 195 135 160 151 188 165 194 169 159 150 192 145 166 195
78 74 101 98 80 108 82 108 106 102 88 94 103 91 106 94 83 103 92 82 99
79 89 101 93 78 107 97 98 91 91 108 106 100 75 98 84 90 101 100 79 92
80 87 91 101 119 87 95 119 89 108 86 117 117 111 98 91 96 94 107 91 127
81 51 40 49 46 43 50 56 48 50 45 54 56 44 41 42 44 58 47 55 50
82 98 96 95 97 104 105 76 89 95 90 94 96 107 78 105 92 88 82 85 108
83 421 315 403 387 337 314 378 375 325 439 345 381 372 314 443 413 383 339 422 363
84 86 78 70 81 95 93 84 77 71 80 76 76 104 84 91 94 78 89 77 90
85 157 171 187 182 170 134 155 135 149 134 173 164 172 153 181 171 162 164 154 136
86 79 105 83 85 80 96 115 89 107 110 93 108 88 102 86 98 107 98 109 83
87 87 92 91 85 80 79 95 71 76 63 68 92 72 78 78 64 64 66 88 93
88 101 108 81 84 99 113 110 97 80 111 90 108 81 91 107 101 80 94 78 100
89 47 43 43 37 50 35 48 40 36 35 49 38 48 38 36 40 42 39 48 39
90 102 98 80 76 97 95 75 72 84 83 83 103 95 89 98 98 84 90 105 86
91 80 73 105 102 95 100 73 98 85 87 81 101 101 73 79 81 104 80 106 78
92 80 103 116 98 81 115 114 105 94 87 101 94 78 85 93 89 93 95 115 101
93 307 258 294 269 245 266 292 302 284 272 252 218 245 310 317 231 229 237 300 240
94 512 500 515 394 495 392 368 524 383 414 376 515 372 407 453 458 518 486 409 395
95 39 48 41 44 48 55 56 47 46 45 54 42 54 47 45 51 48 39 44 42
96 360 293 394 296 272 271 405 373 347 273 386 399 295 279 374 380 292 367 296 354
97 37 31 33 32 28 38 32 36 40 41 29 30 32 34 31 29 28 39 41 31
98 57 59 60 53 75 73 59 66 58 77 78 70 58 71 72 72 77 56 69 72
99 43 47 45 58 48 51 44 54 57 43 45 46 44 54 47 58 58 41 56 58
100 132 94 104 116 131 130 106 128 119 95 98 123 132 102 123 90 128 98 126 133
101 46 42 57 42 40 45 39 49 54 54 41 41 49 39 47 58 50 47 39 41
102 107 127 105 111 126 101 114 99 133 117 95 125 96 113 131 116 126 99 139 133
103 51 59 54 48 55 58 41 55 42 51 54 52 43 44 41 51 43 54 41 41
104 59 68 55 58 73 69 58 73 55 67 60 78 69 58 74 67 62 55 59 73
105 197 233 263 193 192 255 257 269 190 273 267 261 253 256 210 248 230 255 190 243
106 118 124 103 122 111 142 116 142 122 144 143 144 108 105 102 110 145 110 134 108
107 155 171 162 131 128 138 161 126 180 130 157 172 163 177 138 135 138 172 179 172
108 32 35 33 31 33 27 25 33 26 31 33 37 26 29 26 34 28 33 28 30
109 102 93 88 88 89 109 97 88 93 84 92 97 82 91 112 97 105 116 102 112
110 354 248 326 333 351 336 353 256 316 302 289 312 301 266 356 317 307 249 357 316
111 108 103 122 117 102 107 124 96 135 127 120 112 131 128 120 112 98 108 101 127
112 312 361 263 278 316 312 261 273 318 365 349 255 251 354 373 307 358 260 261 372
113 37 33 27 32 27 39 32 30 28 38 31 39 39 27 38 40 35 37 31 34
114 103 133 148 112 134 125 138 147 126 133 134 142 145 124 103 116 135 142 122 126
115 53 49 61 54 51 52 46 62 63 53 60 50 57 56 58 44 63 48 59 52
116 191 145 200 206 193 162 172 152 156 209 205 173 170 197 206 141 182 191 168 141
117 55 50 50 58 58 61 58 61 65 57 46 52 53 58 58 56 61 51 58 48
118 271 356 338 364 325 253 275 269 251 290 254 357 315 275 341 319 272 267 326 266
119 56 52 69 63 60 49 51 52 68 52 54 56 67 55 59 50 48 62 64 66
120 49 71 50 53 60 63 50 62 48 48 68 64 50 69 61 69 65 53 62 63
121 76 69 57 74 78 70 77 56 63 63 59 55 58 64 64 75 54 60 58 69
122 73 58 69 70 74 71 54 59 67 60 77 54 64 57 57 76 59 74 78 77
123 26 25 20 25 22 22 22 20 19 22 22 23 25 19 22 28 25 26 20 23
124 267 252 201 261 263 260 245 207 242 264 288 197 230 287 234 259 207 273 208 223
125 52 53 64 53 62 43 64 51 54 43 49 57 54 56 59 46 58 51 47 54
126 284 268 241 238 267 335 331 314 257 335 239 279 243 319 306 340 349 260 320 307
127 89 75 88 91 75 78 95 76 74 82 83 88 75 74 77 95 90 78 70 76
128 65 57 61 71 51 55 49 67 50 57 60 65 58 53 55 55 60 68 59 53
129 66 46 62 63 58 46 50 56 50 61 65 52 66 59 49 56 46 56 60 64
130 41 44 37 43 43 38 31 36 34 39 31 33 44 38 35 41 43 41 37 36
131 1012 942 1104 1129 837 755 986 859 820 757 1051 897 943 876 1033 968 833 1044 816 913
132 546 415 504 564 454 473 492 558 412 507 452 445 491 436 560 601 445 483 465 421
133 739 528 577 737 514 645 517 633 680 690 511 679 539 568 744 680 683 693 588 689
134 454 494 419 524 435 508 475 435 387 480 438 485 384 449 522 409 380 445 449 357
135 79 71 72 64 56 66 69 61 58 68 70 62 71 58 74 70 70 75 57 72
136 52 46 50 57 52 60 43 48 57 56 53 61 47 51 58 44 54 53 59 56
137 48 48 58 52 43 53 51 50 53 45 50 57 41 47 45 40 44 42 49 41
138 80 90 83 77 110 76 99 86 93 87 74 88 101 102 96 82 105 90 83 96
139 256 214 262 200 222 205 225 268 242 275 266 225 201 254 223 201 206 215 281 247
140 115 97 123 110 133 132 122 110 98 97 119 109 100 116 97 110 130 100 115 134
141 279 245 225 285 262 259 282 304 258 230 226 299 216 253 231 294 245 249 310 229
142 120 124 150 125 140 141 166 156 176 175 163 144 160 138 146 136 124 124 135 119
143 63 61 72 88 67 85 76 81 72 64 79 82 84 69 64 67 69 64 75 80
144 298 370 361 355 354 391 299 273 302 383 315 345 363 328 391 278 378 275 380 370
145 310 310 340 290 385 269 264 306 296 339 262 270 319 323 302 344 269 311 383 360
146 109 94 119 118 88 97 97 87 106 84 107 124 100 98 103 103 115 119 124 104
147 51 59 54 55 50 48 48 43 47 47 44 59 42 50 60 47 59 57 45 52
148 68 58 59 50 66 50 55 47 65 50 62 61 56 48 57 54 64 50 56 49
149 78 65 56 71 72 73 69 67 71 54 64 72 69 63 59 77 59 58 72 66
150 53 41 50 41 39 51 40 40 51 51 52 50 46 52 41 39 52 50 46 40
151 116 109 96 109 91 116 128 106 127 113 112 115 102 116 121 114 102 92 110 108
152 31 39 31 40 37 37 32 42 39 42 34 35 40 38 36 41 37 44 35 31
153 31 23 25 26 23 26 26 24 32 29 22 23 27 31 28 30 28 23 29 25
154 59 73 75 74 73 79 69 61 66 71 74 67 62 66 72 71 81 56 62 72
155 171 204 230 240 245 214 210 230 174 219 196 231 226 175 204 192 239 241 205 226
156 162 206 166 237 220 167 228 188 177 213 211 222 213 175 187 231 189 215 195 180
157 83 99 73 85 79 73 73 86 93 75 89 99 70 71 85 79 68 78 93 94
158 33 28 40 39 29 28 39 39 39 35 41 41 41 34 30 40 41 42 41 33
159 50 60 53 51 50 52 61 50 68 67 69 66 64 65 56 63 55 60 65 69
160 35 39 36 46 40 42 49 45 47 40 37 47 49 38 42 37 49 35 50 49
161 64 55 67 60 77 74 75 82 59 67 57 70 68 56 67 74 61 81 56 72
162 67 58 65 76 57 66 56 82 62 79 61 68 81 75 71 58 58 69 76 70
163 67 67 62 71 69 70 59 71 63 75 71 63 55 79 60 59 68 76 59 58
164 88 105 112 111 99 92 89 107 83 106 122 95 94 99 93 109 91 93 86 120
165 106 90 96 86 83 106 89 108 107 86 94 83 122 114 119 92 85 118 107 112
166 91 93 122 86 118 118 123 87 87 95 89 99 119 85 91 102 90 97 89 124
167 104 105 89 94 103 104 88 91 113 92 89 120 96 94 121 87 123 102 110 93
168 113 83 123 111 112 112 108 110 120 86 83 119 96 91 83 123 105 99 112 87
169 63 68 80 63 80 68 82 69 66 67 62 76 64 74 74 56 57 67 63 77
170 92 114 101 101 110 85 116 110 95 123 99 95 99 105 113 108 94 93 100 88
171 61 67 65 74 57 59 63 56 67 66 81 72 77 79 77 70 55 71 57 76
172 83 84 124 107 95 120 92 91 93 114 87 113 118 111 96 92 111 103 116 112
173 87 93 98 101 96 84 83 95 112 91 116 123 95 108 108 94 114 85 105 123
174 69 77 57 71 77 55 66 61 70 55 66 61 73 69 76 70 57 74 76 79
175 104 122 109 97 88 101 110 102 122 90 121 116 109 92 100 88 121 95 89 95
176 86 123 105 88 104 106 118 120 92 97 87 111 98 111 87 94 114 116 123 114
177 8 9 12 10 10 10 10 11 9 9 10 10 12 9 8 9 11 10 11 9
178 178 152 221 211 205 216 169 165 166 201 161 150 198 189 183 161 187 205 160 174
179 124 122 135 140 117 143 122 108 131 150 153 116 133 118 144 160 140 160 127 107
180 88 76 92 82 86 72 80 106 101 95 81 83 90 76 94 93 82 98 105 74
181 49 53 46 66 52 68 64 56 49 48 48 61 49 63 56 50 62 52 66 47
182 45 44 42 58 57 58 44 48 49 57 52 57 41 57 42 43 48 42 45 57
183 156 108 148 131 132 145 129 142 133 143 144 136 155 155 119 138 129 144 135 152
184 57 58 56 62 56 47 43 58 45 45 43 43 59 53 60 63 62 49 53 42
185 298 341 384 308 346 354 277 331 300 316 303 287 358 300 329 295 379 312 348 327
186 26 24 23 26 22 24 20 20 28 24 28 23 20 24 20 28 20 24 26 27
187 73 88 68 82 89 90 75 90 62 69 69 91 78 88 66 71 66 76 72 75
188 76 83 82 82 86 78 80 78 63 69 73 76 74 61 80 63 88 91 66 80
189 219 168 160 229 196 205 221 199 181 154 158 221 220 188 156 205 208 202 174 216
190 89 81 97 105 100 85 100 90 88 96 106 108 87 81 117 95 81 81 112 112
191 213 295 286 281 215 267 222 239 252 253 281 214 305 250 288 293 221 259 214 262
192 141 135 168 176 163 166 176 164 195 153 156 148 142 155 132 170 141 165 193 175
193 41 36 33 32 39 33 36 38 38 36 36 32 41 32 33 31 42 35 42 31
194 98 121 133 104 112 112 130 119 117 101 98 130 110 109 118 102 95 130 96 127
195 91 93 81 95 79 72 75 97 97 88 71 71 70 94 75 71 99 68 77 74
196 62 55 63 57 47 64 60 61 66 64 64 50 49 67 63 51 48 63 55 56
197 32 32 33 26 26 28 32 34 24 24 27 33 34 26 27 29 24 34 27 24
198 317 311 355 249 303 301 322 275 349 277 349 353 281 244 292 297 304 307 303 277
199 21 15 16 17 21 19 19 15 16 16 19 16 18 20 17 16 21 20 18 17
200 31 33 28 29 27 24 29 27 34 29 25 31 29 23 26 29 28 31 28 27
201 170 171 160 145 140 148 161 185 133 142 170 135 132 168 128 148 141 145 129 137
202 107 78 97 94 96 74 89 74 88 91 97 96 96 95 74 100 107 91 75 81
203 110 101 89 107 80 104 88 95 111 107 92 99 107 104 108 105 104 79 91 79
204 103 104 79 86 93 90 106 76 98 105 81 97 82 77 87 76 106 82 83 109
205 183 139 176 168 171 189 147 150 198 170 191 191 168 157 143 133 143 167 179 198
<task directions>
1 E
2 E
3 R
4 L
5 E
6 E
7 R
8 R
9 R
10 R
11 R
12 R
13 L
14 L
15 L
16 L
17 L
18 L
19 E
20 E
21 E
22 E
23 E
24 E
25 R
26 L
27 R
28 R
29 R
30 R
31 R
32 R
33 R
34 L
35 E
36 E
37 L
38 L
39 L
40 E
41 E
42 E
43 L
44 L
45 L
46 L
47 L
48 L
49 L
50 L
51 L
52 L
53 L
54 R
55 R
56 R
57 R
58 R
59 R
60 R
61 R
62 E
63 E
64 E
65 E
66 E
67 E
68 E
69 E
70 E
71 E
72 E
73 E
74 E
75 E
76 E
77 E
78 L
79 R
80 E
81 E
82 E
83 E
84 E
85 E
86 E
87 E
88 E
89 E
90 R
91 R
92 R
93 R
94 E
95 R
96 E
97 E
98 E
99 E
100 E
101 E
102 E
103 E
104 R
105 L
106 L
107 E
108 L
109 E
110 R
111 L
112 R
113 E
114 L
115 E
116 R
117 E
118 E
119 E
120 E
121 E
122 E
123 E
124 E
125 E
126 R
127 E
128 E
129 E
130 R
131 E
132 R
133 R
134 R
135 L
136 L
137 E
138 E
139 E
140 L
141 L
142 L
143 L
144 E
145 E
146 L
147 L
148 R
149 R
150 R
151 E
152 L
153 L
154 E
155 E
156 E
157 E
158 R
159 R
160 E
161 R
162 R
163 R
164 R
165 R
166 R
167 R
168 R
169 L
170 L
171 L
172 L
173 L
174 L
175 L
176 L
177 E
178 E
179 L
180 L
181 L
182 L
183 L
184 L
185 E
186 R
187 R
188 L
189 E
190 E
191 R
192 E
193 R
194 E
195 L
196 R
197 R
198 R
199 R
200 R
201 L
202 L
203 L
204 E
205 E
<precedence relations>
1,36
2,3
2,4
3,5
4,5
5,7
5,13
6,36
7,8
8,9
9,10
10,11
11,12
12,36
13,14
14,15
15,16
16,17
17,18
18,36
19,36
20,22
21,22
22,23
23,24
23,34
24,26
24,27
24,28
25,28
26,35
27,35
28,29
29,30
29,33
30,31
30,32
31,35
32,35
33,35
34,35
35,36
36,37
36,40
36,41
36,42
36,62
36,69
36,72
36,75
36,83
36,110
36,111
36,112
37,38
38,39
39,45
40,43
40,54
41,92
42,43
42,54
43,44
44,45
45,46
45,48
45,51
45,53
46,47
47,92
48,49
49,50
50,92
51,52
52,92
53,92
54,55
55,56
55,59
55,61
56,57
57,58
58,92
59,60
60,92
61,92
62,63
63,64
64,65
64,68
65,66
66,67
67,80
68,80
69,70
70,71
71,73
72,73
73,74
74,76
75,92
76,77
76,78
76,79
77,80
77,82
78,80
79,80
80,81
81,84
82,92
83,92
84,85
85,86
85,88
85,90
86,87
87,92
88,89
89,92
90,91
91,92
92,93
92,94
92,95
92,96
92,97
92,98
92,99
93,135
94,135
95,113
96,113
97,100
98,100
99,100
100,101
100,103
100,105
100,109
100,130
100,131
100,134
101,102
102,113
103,104
104,113
105,106
105,107
106,108
107,108
108,113
109,113
110,113
111,113
112,113
113,114
113,115
113,116
113,117
113,118
113,119
113,120
113,121
113,122
113,123
113,124
113,161
113,162
113,163
113,169
113,171
113,174
113,203
113,204
113,205
114,160
115,160
116,160
117,160
118,126
119,126
120,126
121,126
122,126
123,126
124,125
125,126
126,127
126,128
126,129
127,135
128,135
129,135
130,136
131,132
132,133
133,189
134,189
135,136
135,137
135,138
135,139
135,140
135,141
135,142
135,144
135,145
135,147
135,148
135,149
135,150
135,151
135,152
135,153
135,158
136,189
137,160
138,160
139,160
140,143
141,143
142,143
143,160
144,160
145,146
146,160
147,160
148,160
149,160
150,160
151,160
152,160
153,154
154,155
155,156
156,157
157,189
158,159
159,189
160,164
160,170
160,178
160,179
160,184
161,167
162,165
163,164
164,165
165,166
166,167
167,168
168,177
169,170
170,172
171,172
172,173
173,175
174,175
175,176
176,177
177,185
177,186
177,187
177,188
177,194
177,195
178,180
179,180
180,181
180,183
181,182
185,189
186,189
187,189
188,189
189,190
189,191
189,193
191,192
194,197
195,196
196,197
197,198
197,199
197,201
199,200
201,202
<end>