<number of tasks>
205
<number of mated-station>
9
<type of the robots>
18
<limit of the robots>
1 1
2 1
3 1
4 1
5 1
6 1
7 1
8 1
9 1
10 1
11 1
12 1
13 1
14 1
15 1
16 1
17 1
18 1
<task times>
1 556 724 715 727 773 811 794 648 759 586 672 564 781 611 689 588 761 826
2 37 40 35 45 50 34 35 35 40 45 49 50 40 41 45 48 41 50
3 252 269 236 258 227 308 296 270 252 226 291 306 215 284 249 304 226 229
4 210 231 228 254 301 229 217 288 266 257 216 264 236 233 294 278 299 308
5 187 168 131 178 173 174 132 181 183 135 127 188 169 186 141 179 156 162
6 80 76 78 102 86 86 73 91 98 77 79 100 78 87 96 89 90 93
7 63 56 49 47 59 60 55 53 58 62 49 46 65 50 49 57 56 47
8 78 78 54 54 76 61 60 65 67 77 74 68 67 76 77 56 79 70
9 33 27 25 29 25 32 31 27 35 27 25 28 27 26 32 29 28 31
10 123 90 101 111 123 85 123 89 109 115 99 117 91 85 120 119 124 90
11 26 28 26 32 33 38 35 38 32 27 38 35 28 34 31 33 33 34
12 67 59 64 72 68 59 53 57 53 72 67 64 63 68 61 53 68 54
13 60 46 60 56 57 52 50 51 62 50 51 57 46 64 58 61 63 48
14 54 75 57 78 71 56 67 55 68 65 80 68 79 73 75 77 55 71
15 25 24 25 32 31 27 33 25 30 24 36 28 30 36 31 32 30 29
16 123 90 126 89 96 114 112 111 95 115 105 113 100 104 119 89 95 112
17 26 33 35 37 28 38 31 35 26 32 31 29 38 36 33 28 30 34
18 71 53 71 59 63 62 60 73 50 52 51 62 54 53 65 59 74 55
19 46 63 63 47 46 45 48 46 47 55 57 66 63 49 55 46 47 47
20 75 54 60 72 66 60 56 79 56 77 78 80 57 55 75 55 75 68
21 82 73 96 90 69 83 89 90 80 69 87 82 75 74 79 71 73 69
22 38 37 40 37 37 42 38 43 39 31 34 36 35 37 31 30 44 30
23 47 34 47 34 40 34 40 44 38 41 46 35 38 48 36 33 43 44
24 69 71 79 72 65 73 79 82 68 83 77 65 61 59 66 81 65 86
25 96 72 90 94 88 79 71 93 101 84 94 75 97 74 70 83 92 83
26 13 16 17 16 17 16 15 17 14 17 19 15 14 14 15 18 17 16
27 56 51 46 45 42 42 49 52 41 55 57 46 61 46 49 59 49 53
28 70 64 64 79 62 56 72 72 54 57 77 61 67 56 61 55 67 54
29 37 34 37 44 43 39 38 39 40 45 42 40 37 36 44 40 45 40
30 79 69 60 65 83 66 72 75 74 63 82 74 75 66 66 78 85 78
31 53 53 46 58 58 54 57 44 45 43 51 48 55 53 44 57 49 48
32 14 15 15 18 19 15 14 14 15 16 14 17 19 13 13 13 13 14
33 16 13 15 15 12 13 17 15 16 13 14 16 16 16 16 16 13 17
34 15 16 13 13 15 15 18 16 16 12 14 15 17 15 14 18 17 18
35 101 80 87 91 70 74 82 90 81 85 86 82 93 90 101 71 89 73
36 70 52 54 68 69 64 50 51 58 62 49 51 59 55 52 48 52 51
37 21 25 19 25 21 27 18 24 20 26 26 24 23 26 26 26 24 25
38 13 15 11 11 15 15 12 11 11 15 15 11 12 13 12 12 12 15
39 20 18 19 21 22 17 16 19 16 16 16 23 19 18 22 22 20 20
40 87 87 109 116 124 97 111 128 93 92 100 115 105 112 97 110 124 111
41 175 204 249 191 248 229 253 198 187 197 192 204 178 244 195 241 205 206
42 88 79 87 89 76 70 76 85 78 90 68 80 66 96 87 84 90 76
43 31 44 36 31 34 31 41 34 32 36 37 34 39 43 43 41 37 35
44 67 80 79 85 92 73 87 88 76 73 81 95 72 68 77 82 84 75
45 18 16 22 16 17 17 16 20 15 16 18 15 20 20 18 17 20 21
46 14 14 10 11 11 13 14 10 11 11 10 13 13 11 13 11 12 14
47 23 29 24 32 29 26 24 31 30 24 24 31 25 28 33 29 25 23
48 40 34 40 37 31 39 44 40 31 35 33 34 38 36 39 37 32 30
49 15 13 13 13 14 13 12 12 13 15 13 12 11 11 13 13 11 14
50 58 57 78 56 64 64 65 62 56 57 80 79 83 82 68 76 76 81
51 184 194 201 209 232 222 204 237 257 247 258 179 239 230 260 217 216 212
52 76 60 63 67 77 69 63 72 79 75 83 74 61 72 86 76 69 67
53 76 75 68 91 85 87 94 70 73 100 88 94 87 79 69 85 69 74
54 36 38 36 42 43 45 43 42 39 43 48 38 52 44 43 37 43 43
55 87 114 94 91 78 89 85 109 88 96 97 88 110 105 98 100 79 86
56 36 43 32 39 42 32 32 37 37 31 39 35 40 44 35 31 33 40
57 15 15 11 12 15 16 12 13 13 15 14 13 12 11 13 13 12 16
58 31 41 29 40 31 29 33 34 42 29 40 32 32 37 28 38 28 40
59 180 202 217 199 196 203 232 179 249 211 198 219 183 259 189 211 239 196
60 67 83 74 75 86 78 70 61 61 66 83 77 59 58 66 75 65 86
61 90 80 90 92 69 101 79 90 96 75 88 72 84 73 71 73 74 81
62 26 26 29 30 25 25 27 21 21 22 22 21 21 27 24 28 23 24
63 32 33 38 43 31 41 32 41 34 43 32 43 41 32 43 31 43 32
64 34 32 33 35 43 33 38 39 32 35 31 44 31 38 40 40 43 31
65 106 96 86 120 110 84 119 123 115 108 96 103 86 109 89 103 99 109
66 158 155 128 145 121 115 138 166 118 162 143 149 128 151 125 121 139 116
67 41 47 58 57 40 56 47 52 54 45 44 40 47 50 57 47 57 45
68 39 35 40 35 36 40 30 36 38 31 38 40 29 33 40 34 31 33
69 56 42 43 43 56 55 52 49 49 50 49 52 59 61 43 45 53 46
70 103 101 83 87 86 88 74 74 87 81 103 92 81 83 73 79 88 95
71 43 57 60 51 52 45 56 58 61 48 54 54 49 55 45 58 46 53
72 144 155 133 160 118 171 165 129 120 151 168 172 168 166 168 154 159 144
73 276 397 298 395 318 400 360 324 361 372 384 322 320 377 345 278 352 314
74 112 95 98 108 125 87 120 101 127 93 123 88 104 126 114 101 96 116
75 330 313 340 366 362 323 385 348 319 327 380 298 303 319 303 383 298 420
76 79 107 116 92 94 83 94 100 109 96 95 90 104 84 82 108 101 95
77 145 191 180 147 182 164 154 178 143 176 140 177 167 145 146 137 191 190
78 95 74 107 86 109 77 86 92 82 87 78 109 99 90 109 107 109 91
79 110 104 86 105 103 90 98 85 107 87 88 103 104 106 103 107 92 100
80 87 86 125 113 101 126 90 92 105 119 126 106 103 95 104 112 95 91
81 56 46 44 52 42 47 56 50 40 44 47 58 48 56 53 52 57 53
82 81 86 85 88 88 101 101 85 74 75 89 87 90 104 108 97 88 103
83 312 389 303 425 331 337 385 408 444 379 389 390 422 319 378 300 361 319
84 96 76 96 77 97 76 85 104 82 93 78 94 94 90 100 75 95 92
85 132 141 149 179 168 139 182 187 146 140 134 176 150 187 190 131 156 147
86 108 95 112 98 92 87 111 84 96 113 78 106 103 83 113 85 113 111
87 88 76 80 89 78 91 80 72 88 79 70 85 76 87 80 67 91 83
88 102 95 95 113 110 105 78 103 87 94 105 104 83 96 79 82 91 108
89 34 38 47 35 43 34 46 46 44 39 36 38 37 43 36 50 44 34
90 88 84 77 89 100 87 90 82 97 101 78 74 75 78 104 85 99 90
91 96 94 93 95 102 103 74 87 92 88 92 94 105 76 103 90 87 80
92 90 114 110 82 105 101 88 82 99 98 85 115 90 100 97 82 116 108
93 279 247 307 264 266 243 218 250 295 287 260 240 220 249 236 234 322 261
94 472 488 405 461 400 468 439 478 523 508 473 374 432 378 415 375 484 457
95 51 45 54 51 48 49 45 40 40 52 42 42 40 48 58 45 54 55
96 326 382 311 358 302 345 378 344 385 294 372 395 390 365 342 337 405 303
97 33 27 29 40 31 34 34 28 28 29 38 40 36 38 29 30 35 40
98 74 66 54 75 61 73 55 61 73 68 54 64 52 68 72 67 67 57
99 59 42 57 48 43 42 59 45 57 45 43 48 50 47 57 46 58 56
100 102 96 123 121 95 92 106 106 106 131 120 113 124 124 107 114 134 110
101 43 39 56 54 51 53 39 52 45 47 43 54 54 39 42 43 55 43
102 138 101 97 125 140 118 98 139 137 127 113 105 122 114 94 103 112 107
103 48 49 60 52 57 48 54 50 45 49 54 56 53 50 47 40 45 57
104 80 58 58 60 75 60 77 75 78 59 74 59 55 79 58 62 57 77
105 191 209 232 235 266 250 210 203 186 230 197 215 232 264 272 225 224 216
106 138 107 136 121 113 130 122 100 111 107 130 106 142 107 98 98 146 135
107 155 122 172 178 132 124 167 170 131 164 132 158 166 137 145 143 126 170
108 29 33 36 37 27 27 29 31 29 26 25 36 37 28 27 28 29 25
109 111 109 88 98 87 114 116 105 87 106 107 108 115 83 103 108 84 92
110 277 356 296 315 272 334 350 264 278 285 271 330 292 357 357 253 345 360
111 137 97 108 120 136 134 109 133 123 99 101 128 137 106 128 93 132 101
112 352 371 300 270 369 272 257 291 254 321 354 348 268 269 319 252 303 374
113 35 33 28 29 31 37 31 32 37 29 33 29 39 34 28 36 28 33
114 144 127 137 108 153 146 132 152 137 122 142 149 105 142 107 130 137 134
115 47 47 45 56 47 59 44 44 47 54 44 46 58 54 46 58 44 53
116 154 200 177 150 190 173 161 141 153 189 148 176 199 146 145 192 194 203
117 45 65 63 62 60 61 50 59 54 61 45 58 53 56 47 55 50 64
118 291 356 306 362 359 362 270 263 257 275 364 276 335 270 313 347 327 266
119 50 54 63 49 70 51 61 67 64 69 54 53 54 67 70 67 61 66
120 63 58 63 51 48 62 49 59 62 70 49 56 50 64 54 62 53 56
121 69 63 60 60 61 74 66 60 63 57 62 66 56 62 76 66 71 79
122 70 76 76 53 70 71 75 72 76 55 68 65 62 67 65 57 76 68
123 23 19 27 24 21 20 24 23 20 21 25 19 27 25 24 22 26 25
124 253 236 207 227 212 268 244 282 205 217 247 244 204 213 249 285 273 200
125 43 61 64 53 62 45 45 64 59 52 44 51 44 62 51 47 44 60
126 269 339 340 237 328 345 301 319 266 297 237 305 340 258 308 286 316 338
127 83 87 88 93 95 81 68 76 88 93 80 83 83 76 94 83 80 81
128 52 70 71 60 68 56 65 63 66 50 71 54 66 59 67 50 70 72
129 63 53 56 50 51 68 67 56 55 64 67 46 59 62 55 46 57 52
130 34 40 40 42 40 42 45 40 32 36 37 40 40 39 42 35 40 33
131 834 1098 1042 1123 1003 781 849 829 774 893 783 1101 973 849 1053 984 839 823
132 544 445 489 454 596 545 524 429 442 448 593 452 471 485 577 473 514 430
133 511 661 674 704 518 750 532 561 634 669 533 654 507 513 721 677 529 726
134 463 523 494 398 466 472 515 467 383 497 523 469 519 380 422 425 397 373
135 60 66 66 78 56 62 59 71 75 60 71 72 77 73 56 61 69 62
136 62 44 51 46 46 61 48 60 63 62 59 58 46 58 51 50 50 46
137 40 46 48 50 53 41 46 59 53 56 43 48 54 51 40 52 53 52
138 92 78 91 99 109 74 87 108 88 98 78 103 78 84 88 91 109 91
139 270 190 279 221 235 189 215 248 238 246 256 202 252 222 204 236 228 215
140 95 94 105 132 131 124 102 132 94 110 96 126 121 134 138 102 126 121
141 282 236 278 288 237 246 298 240 233 260 261 279 237 232 242 298 283 247
142 124 134 160 139 149 173 125 135 120 163 121 138 146 160 143 130 135 134
143 73 83 72 64 85 60 81 82 76 60 65 73 65 79 84 68 86 76
144 288 327 268 324 348 373 362 383 319 372 374 336 270 312 301 345 271 290
145 372 322 296 347 370 345 314 310 347 323 379 388 287 259 339 295 281 260
146 116 99 104 97 114 107 92 115 90 101 111 84 103 115 92 96 100 114
147 41 51 45 44 49 44 56 60 44 48 46 42 60 43 47 60 42 53
148 48 59 63 64 47 63 50 53 69 63 63 64 55 64 59 64 55 68
149 65 76 72 66 58 72 66 73 58 68 79 62 57 67 68 54 78 70
150 52 46 40 47 50 44 42 49 51 45 51 42 53 51 50 54 41 52
151 105 92 101 116 105 120 86 97 116 113 107 122 94 103 118 89 108 106
152 42 40 37 37 45 40 33 41 39 39 41 35 39 44 32 36 35 31
153 24 23 27 23 23 26 24 23 32 22 29 25 27 26 22 26 30 30
154 71 61 78 67 61 71 74 62 75 58 64 59 65 77 70 79 77 65
155 177 223 196 176 181 189 246 216 206 174 219 197 237 236 217 197 175 174
156 207 190 174 203 169 191 226 175 201 233 213 186 171 217 200 197 215 232
157 81 72 71 94 68 79 72 92 77 78 97 72 67 69 83 69 78 78
158 39 37 41 41 38 34 38 32 34 32 29 29 32 28 30 29 34 41
159 52 66 60 63 57 50 62 64 66 54 50 53 54 50 59 63 52 65
160 46 45 45 49 38 34 38 49 40 44 46 41 50 35 48 35 48 47
161 65 65 71 61 81 56 55 64 62 71 55 57 67 68 63 72 56 65
162 80 76 71 61 78 77 58 64 63 57 69 55 70 81 65 64 68 67
163 75 78 81 68 68 78 72 74 67 64 64 57 63 62 59 79 57 67
164 120 94 118 116 90 105 120 103 104 88 117 89 97 83 115 88 111 108
165 100 86 101 97 113 88 99 87 120 100 86 109 110 112 106 102 109 84
166 98 110 106 97 91 118 91 89 111 101 112 85 105 85 83 106 84 85
167 108 107 109 105 97 110 86 83 110 106 96 85 112 105 93 105 88 112
168 123 102 122 109 108 111 98 111 116 110 98 88 106 104 83 104 85 109
169 67 66 58 74 69 75 61 62 71 69 65 73 67 78 63 56 78 59
170 96 100 86 99 101 90 121 112 84 88 104 117 106 113 105 88 111 95
171 59 73 75 74 73 79 69 61 66 71 74 67 62 66 72 71 81 56
172 94 110 85 102 115 119 122 107 104 114 87 109 98 115 113 87 101 96
173 119 120 102 113 83 105 85 121 112 85 116 96 90 108 108 113 109 89
174 63 78 64 72 66 61 68 82 60 70 65 60 60 70 77 62 73 82
175 87 88 106 98 84 97 115 116 96 83 117 114 86 83 113 114 114 104
176 121 122 120 101 87 117 120 123 120 96 89 106 94 91 89 92 109 89
177 12 12 12 11 11 11 10 11 9 10 11 12 8 9 9 11 9 10
178 218 202 209 180 165 210 219 168 187 164 219 154 221 218 177 152 184 165
179 151 146 147 161 116 132 112 138 134 111 133 146 120 159 111 143 132 114
180 85 99 74 87 73 107 82 103 80 89 106 98 94 76 76 90 100 91
181 58 57 53 61 59 59 51 61 53 64 61 53 47 67 51 50 58 65
182 43 42 42 50 53 53 47 44 43 51 39 50 58 45 45 47 44 52
183 118 121 112 156 138 117 125 111 108 138 115 140 139 112 122 108 159 148
184 61 47 44 61 55 57 47 48 63 44 60 61 63 45 45 49 46 51
185 385 274 295 332 290 314 287 401 336 340 289 303 335 338 285 296 367 297
186 21 28 22 22 28 20 29 24 26 22 26 19 29 26 26 26 25 26
187 88 63 61 88 71 67 61 90 78 73 83 64 71 76 89 70 89 76
188 91 77 74 75 69 85 72 83 83 63 64 75 70 86 68 84 74 74
189 204 159 216 206 177 229 185 177 184 195 211 201 176 173 186 163 173 189
190 93 106 82 85 90 81 97 95 117 104 110 114 110 100 80 102 83 109
191 207 210 309 268 239 301 229 229 233 286 219 282 297 279 240 229 279 258
192 186 180 140 150 158 161 154 135 133 152 179 146 185 197 153 173 173 151
193 42 31 39 45 38 43 32 40 43 31 37 34 39 31 37 34 41 39
194 128 119 96 126 128 133 116 136 122 108 98 113 122 114 136 101 135 129
195 88 74 81 71 98 77 72 76 69 99 85 71 84 85 95 97 75 78
196 48 60 53 60 47 51 62 63 67 62 45 48 65 55 58 53 56 60
197 26 25 28 30 34 26 24 25 32 29 31 27 28 24 34 33 32 33
198 274 267 270 326 260 243 321 306 296 261 302 332 259 281 280 277 305 316
199 16 19 16 14 18 20 21 16 18 16 19 22 19 22 17 14 18 15
200 30 27 28 23 26 34 33 31 27 27 29 25 31 30 27 32 34 24
201 131 142 123 174 138 182 169 149 130 128 127 161 131 166 148 133 165 138
202 102 73 82 81 77 107 105 107 81 87 90 105 96 106 76 105 76 78
203 92 80 86 109 108 75 102 91 91 101 90 99 92 99 100 94 107 107
204 83 97 90 101 95 107 101 103 100 111 99 83 76 103 80 80 76 77
205 184 166 188 195 194 154 164 132 147 168 190 152 171 175 137 163 148 156
<task directions>
1 E
2 E
3 R
4 L
5 E
6 E
7 R
8 R
9 R
10 R
11 R
12 R
13 L
14 L
15 L
16 L
17 L
18 L
19 E
20 E
21 E
22 E
23 E
24 E
25 R
26 L
27 R
28 R
29 R
30 R
31 R
32 R
33 R
34 L
35 E
36 E
37 L
38 L
39 L
40 E
41 E
42 E
43 L
44 L
45 L
46 L
47 L
48 L
49 L
50 L
51 L
52 L
53 L
54 R
55 R
56 R
57 R
58 R
59 R
60 R
61 R
62 E
63 E
64 E
65 E
66 E
67 E
68 E
69 E
70 E
71 E
72 E
73 E
74 E
75 E
76 E
77 E
78 L
79 R
80 E
81 E
82 E
83 E
84 E
85 E
86 E
87 E
88 E
89 E
90 R
91 R
92 R
93 R
94 E
95 R
96 E
97 E
98 E
99 E
100 E
101 E
102 E
103 E
104 R
105 L
106 L
107 E
108 L
109 E
110 R
111 L
112 R
113 E
114 L
115 E
116 R
117 E
118 E
119 E
120 E
121 E
122 E
123 E
124 E
125 E
126 R
127 E
128 E
129 E
130 R
131 E
132 R
133 R
134 R
135 L
136 L
137 E
138 E
139 E
140 L
141 L
142 L
143 L
144 E
145 E
146 L
147 L
148 R
149 R
150 R
151 E
152 L
153 L
154 E
155 E
156 E
157 E
158 R
159 R
160 E
161 R
162 R
163 R
164 R
165 R
166 R
167 R
168 R
169 L
170 L
171 L
172 L
173 L
174 L
175 L
176 L
177 E
178 E
179 L
180 L
181 L
182 L
183 L
184 L
185 E
186 R
187 R
188 L
189 E
190 E
191 R
192 E
193 R
194 E
195 L
196 R
197 R
198 R
199 R
200 R
201 L
202 L
203 L
204 E
205 E
<precedence relations>
1,36
2,3
2,4
3,5
4,5
5,7
5,13
6,36
7,8
8,9
9,10
10,11
11,12
12,36
13,14
14,15
15,16
16,17
17,18
18,36
19,36
20,22
21,22
22,23
23,24
23,34
24,26
24,27
24,28
25,28
26,35
27,35
28,29
29,30
29,33
30,31
30,32
31,35
32,35
33,35
34,35
35,36
36,37
36,40
36,41
36,42
36,62
36,69
36,72
36,75
36,83
36,110
36,111
36,112
37,38
38,39
39,45
40,43
40,54
41,92
42,43
42,54
43,44
44,45
45,46
45,48
45,51
45,53
46,47
47,92
48,49
49,50
50,92
51,52
52,92
53,92
54,55
55,56
55,59
55,61
56,57
57,58
58,92
59,60
60,92
61,92
62,63
63,64
64,65
64,68
65,66
66,67
67,80
68,80
69,70
70,71
71,73
72,73
73,74
74,76
75,92
76,77
76,78
76,79
77,80
77,82
78,80
79,80
80,81
81,84
82,92
83,92
84,85
85,86
85,88
85,90
86,87
87,92
88,89
89,92
90,91
91,92
92,93
92,94
92,95
92,96
92,97
92,98
92,99
93,135
94,135
95,113
96,113
97,100
98,100
99,100
100,101
100,103
100,105
100,109
100,130
100,131
100,134
101,102
102,113
103,104
104,113
105,106
105,107
106,108
107,108
108,113
109,113
110,113
111,113
112,113
113,114
113,115
113,116
113,117
113,118
113,119
113,120
113,121
113,122
113,123
113,124
113,161
113,162
113,163
113,169
113,171
113,174
113,203
113,204
113,205
114,160
115,160
116,160
117,160
118,126
119,126
120,126
121,126
122,126
123,126
124,125
125,126
126,127
126,128
126,129
127,135
128,135
129,135
130,136
131,132
132,133
133,189
134,189
135,136
135,137
135,138
135,139
135,140
135,141
135,142
135,144
135,145
135,147
135,148
135,149
135,150
135,151
135,152
135,153
135,158
136,189
137,160
138,160
139,160
140,143
141,143
142,143
143,160
144,160
145,146
146,160
147,160
148,160
149,160
150,160
151,160
152,160
153,154
154,155
155,156
156,157
157,189
158,159
159,189
160,164
160,170
160,178
160,179
160,184
161,167
162,165
163,164
164,165
165,166
166,167
167,168
168,177
169,170
170,172
171,172
172,173
173,175
174,175
175,176
176,177
177,185
177,186
177,187
177,188
177,194
177,195
178,180
179,180
180,181
180,183
181,182
185,189
186,189
187,189
188,189
189,190
189,191
189,193
191,192
194,197
195,196
196,197
197,198
197,199
197,201
199,200
201,202
<end>