<number of tasks>
205
<number of mated-station>
5
<type of the robots>
10
<limit of the robots>
1 1
2 1
3 1
4 1
5 1
6 1
7 1
8 1
9 1
10 1
<task times>
1 556 724 715 727 773 811 794 648 759 586
2 41 34 47 37 42 36 46 50 37 40
3 219 277 311 213 216 219 246 280 306 310
4 247 254 281 301 258 311 252 269 236 258
5 137 185 178 162 152 136 175 184 130 171
6 86 105 78 79 72 80 79 88 104 79
7 45 60 55 53 45 55 49 48 61 57
8 77 79 80 72 56 76 74 74 56 77
9 35 26 24 36 32 36 27 34 30 31
10 95 89 91 120 101 101 86 107 116 91
11 28 36 28 31 34 32 32 33 37 33
12 56 54 68 69 64 61 67 72 56 53
13 65 50 49 57 56 47 63 62 43 43
14 76 61 60 65 67 77 74 68 67 76
15 34 25 35 31 33 27 25 29 25 32
16 110 95 122 96 89 97 94 91 114 102
17 30 33 37 27 31 34 37 26 37 27
18 64 67 58 68 53 50 70 69 72 53
19 46 49 45 56 58 67 61 66 57 47
20 79 73 58 70 66 70 69 71 72 64
21 89 100 94 81 74 80 73 99 93 89
22 38 41 36 32 41 32 41 31 41 38
23 43 39 38 39 47 38 39 44 35 48
24 78 81 83 63 58 80 61 84 76 60
25 86 70 88 83 103 88 102 94 96 99
26 13 17 13 13 13 17 17 14 17 13
27 50 42 60 48 50 61 53 54 51 49
28 76 56 78 55 60 71 70 69 59 72
29 40 44 39 40 46 35 37 43 34 42
30 80 82 62 85 71 79 59 73 70 66
31 61 58 53 44 48 54 58 44 58 49
32 16 16 16 19 13 13 13 16 14 14
33 16 14 18 13 12 17 17 13 12 12
34 13 12 13 15 15 18 17 13 15 12
35 71 71 95 68 76 92 84 76 71 100
36 49 68 69 71 50 48 66 49 66 60
37 22 19 26 24 19 22 24 24 21 18
38 13 12 11 11 12 11 11 10 13 13
39 20 19 19 22 19 22 20 16 18 19
40 101 107 90 88 128 87 124 90 124 88
41 209 177 209 228 197 214 238 181 197 249
42 70 65 84 85 76 79 88 80 72 81
43 41 42 35 43 40 33 31 30 34 42
44 76 100 94 70 87 92 86 77 69 91
45 21 18 20 16 20 15 15 17 19 17
46 10 12 13 12 13 12 11 13 10 13
47 34 28 26 25 26 32 31 29 32 29
48 33 32 30 31 35 38 30 40 41 34
49 15 12 12 15 12 14 14 13 13 16
50 66 60 76 77 57 60 82 65 71 60
51 201 179 221 176 196 181 196 234 226 207
52 66 69 70 79 73 70 64 64 77 71
53 93 83 93 81 71 77 98 78 85 89
54 44 38 49 44 45 39 39 47 51 47
55 101 101 87 110 111 102 108 84 86 81
56 37 35 40 39 32 41 36 35 32 35
57 12 15 15 12 12 12 13 13 11 14
58 41 28 29 28 29 30 37 31 36 34
59 175 194 251 211 231 195 205 225 229 238
60 76 75 64 84 72 78 62 64 74 73
61 100 89 91 69 80 84 95 84 82 101
62 28 29 30 23 26 27 20 22 24 26
63 35 37 38 36 41 39 44 31 39 32
64 44 33 34 42 43 40 31 32 36 39
65 85 89 103 96 91 83 91 89 93 113
66 114 150 128 166 113 147 122 155 161 148
67 49 55 56 55 52 53 49 55 41 43
68 39 41 32 29 30 41 41 30 33 35
69 49 49 49 59 53 49 52 57 60 47
70 76 89 72 76 72 106 86 84 100 103
71 57 55 43 43 53 57 61 48 55 63
72 124 122 133 154 140 149 130 146 165 147
73 275 322 392 300 391 361 398 311 295 310
74 96 102 89 122 97 120 103 103 117 106
75 405 411 354 323 354 396 362 418 316 370
76 80 116 105 102 109 92 81 115 93 81
77 152 141 185 151 142 162 164 151 173 191
78 107 101 92 88 74 88 86 93 101 79
79 96 96 83 80 88 104 79 74 85 90
80 106 94 108 92 127 94 100 102 93 117
81 42 43 49 40 55 54 48 47 55 58
82 110 105 76 81 82 101 104 80 87 83
83 310 408 391 352 393 353 370 421 300 368
84 71 97 87 79 73 92 89 73 73 93
85 140 159 184 164 139 130 174 148 175 162
86 79 102 115 104 81 90 87 88 98 94
87 84 79 68 65 92 76 76 76 86 82
88 90 91 96 108 98 91 80 83 99 98
89 34 47 35 34 47 34 39 38 39 37
90 71 72 100 99 105 103 85 96 96 102
91 76 81 84 87 96 92 85 98 106 102
92 115 80 107 103 116 97 96 95 102 81
93 234 251 289 259 235 268 298 281 309 276
94 385 450 541 474 430 419 404 401 364 484
95 48 49 53 39 41 57 50 53 49 45
96 273 336 273 294 287 297 283 332 336 356
97 34 33 31 34 38 30 41 34 34 30
98 66 65 58 77 63 61 52 60 57 73
99 45 49 50 45 57 54 51 51 41 44
100 108 130 97 119 127 97 97 113 113 92
101 51 46 51 57 45 40 42 52 55 56
102 101 106 137 140 109 113 117 136 125 118
103 47 42 50 49 46 60 44 59 42 58
104 60 56 63 65 81 56 78 61 62 72
105 188 251 188 268 192 216 232 212 210 217
106 131 101 140 118 111 123 103 146 106 118
107 166 137 140 173 155 157 180 164 146 128
108 26 29 36 33 25 25 28 32 28 37
109 103 92 103 105 79 115 90 103 109 85
110 319 260 304 263 256 264 270 295 318 320
111 132 138 114 114 125 95 98 104 100 95
112 266 341 298 348 286 301 271 274 323 367
113 29 38 30 37 31 39 29 40 38 29
114 147 108 149 109 118 110 114 121 148 115
115 55 57 46 51 45 64 45 56 59 59
116 205 146 181 162 147 204 187 143 203 209
117 61 58 51 55 46 58 48 55 53 58
118 345 339 280 317 265 251 302 362 257 354
119 60 63 54 64 53 51 59 49 50 56
120 70 68 48 68 57 63 65 54 52 48
121 63 68 77 63 76 60 74 66 75 66
122 68 75 56 69 71 58 72 76 54 62
123 26 22 20 22 25 19 19 19 25 25
124 247 233 234 239 234 249 283 292 204 214
125 57 49 63 62 51 54 53 54 45 45
126 291 271 346 307 271 279 245 263 292 318
127 69 90 95 81 82 72 89 92 96 76
128 63 62 57 63 52 67 53 61 61 66
129 53 63 47 68 65 51 47 60 67 68
130 44 44 44 41 42 38 31 45 34 45
131 890 1121 1010 907 1010 1041 1077 901 898 1056
132 523 421 534 476 537 452 466 517 595 416
133 700 591 742 543 717 517 607 737 665 592
134 399 482 396 376 408 440 435 387 461 417
135 58 60 70 55 56 58 56 70 55 77
136 43 59 63 50 51 45 51 54 59 52
137 48 46 53 42 42 55 51 48 43 56
138 100 82 101 91 85 99 79 98 78 98
139 237 207 208 195 271 270 245 191 273 222
140 137 97 108 117 104 110 98 137 125 113
141 313 307 314 262 318 300 248 301 298 260
142 158 138 174 141 142 167 168 171 168 174
143 74 80 61 60 87 79 70 88 63 64
144 328 372 394 332 322 296 325 351 297 284
145 367 307 288 341 275 309 372 330 267 292
146 99 123 102 120 112 110 120 112 91 98
147 47 49 49 56 56 47 41 42 49 48
148 57 65 68 61 56 65 49 61 47 66
149 60 61 70 74 80 68 70 70 76 58
150 50 40 48 42 54 43 54 44 55 43
151 104 128 101 115 96 116 116 111 123 92
152 41 40 31 33 35 42 39 33 43 44
153 24 23 22 29 25 31 32 22 26 25
154 77 67 79 69 65 62 79 60 68 80
155 167 228 221 180 243 184 244 239 230 199
156 205 227 201 233 205 183 226 201 180 217
157 80 91 84 70 96 87 88 82 82 98
158 40 38 29 37 32 34 38 38 30 35
159 48 50 55 65 47 52 65 49 59 47
160 46 46 44 39 36 38 37 43 36 50
161 71 56 68 65 60 69 77 67 69 63
162 75 78 60 57 58 60 80 66 76 69
163 73 71 70 72 77 78 56 66 70 66
164 105 107 120 87 118 103 99 91 95 121
165 117 88 112 107 94 87 105 104 90 122
166 96 106 103 87 123 115 106 94 117 101
167 102 93 83 95 112 110 99 92 84 95
168 90 89 123 100 108 111 92 105 91 107
169 66 72 79 76 71 56 65 57 62 56
170 110 104 110 97 115 108 103 104 98 86
171 56 74 59 60 57 68 82 63 76 78
172 99 116 95 109 92 105 115 105 117 90
173 114 120 119 111 104 103 123 92 99 83
174 59 79 62 67 68 55 55 57 76 80
175 108 115 87 90 106 122 118 104 86 119
176 96 116 86 97 115 108 86 101 83 107
177 11 10 10 9 12 8 11 10 9 8
178 220 169 213 168 160 178 188 176 212 174
179 156 150 122 115 147 144 114 110 127 127
180 84 104 96 90 99 99 85 91 106 87
181 51 47 68 66 61 64 47 63 55 56
182 44 55 55 40 43 44 57 44 58 42
183 111 143 160 135 112 159 157 145 130 120
184 55 52 43 47 51 49 51 52 63 55
185 380 319 364 333 303 329 361 374 351 337
186 22 19 22 28 28 21 20 21 27 21
187 86 84 87 66 83 66 62 88 64 70
188 63 87 63 68 76 77 87 82 69 66
189 154 191 163 178 192 218 225 187 185 178
190 111 86 109 97 91 104 98 80 89 86
191 275 224 301 226 207 207 309 285 265 209
192 188 195 144 136 183 185 143 179 145 173
193 42 34 36 36 32 43 35 40 44 46
194 99 100 107 114 106 97 94 133 137 103
195 73 75 77 68 95 93 75 84 74 98
196 67 60 50 61 62 62 66 48 60 62
197 25 27 26 33 28 30 26 31 33 25
198 274 281 267 325 288 352 352 249 339 354
199 21 15 17 19 21 21 17 21 19 15
200 25 32 34 27 32 23 33 25 33 34
201 148 133 182 134 127 144 125 158 175 172
202 77 78 92 73 88 108 93 88 74 77
203 85 101 84 88 100 80 91 79 105 93
204 76 101 77 91 106 93 101 80 112 107
205 170 196 177 158 182 191 135 183 138 167
<task directions>
1 E
2 E
3 R
4 L
5 E
6 E
7 R
8 R
9 R
10 R
11 R
12 R
13 L
14 L
15 L
16 L
17 L
18 L
19 E
20 E
21 E
22 E
23 E
24 E
25 R
26 L
27 R
28 R
29 R
30 R
31 R
32 R
33 R
34 L
35 E
36 E
37 L
38 L
39 L
40 E
41 E
42 E
43 L
44 L
45 L
46 L
47 L
48 L
49 L
50 L
51 L
52 L
53 L
54 R
55 R
56 R
57 R
58 R
59 R
60 R
61 R
62 E
63 E
64 E
65 E
66 E
67 E
68 E
69 E
70 E
71 E
72 E
73 E
74 E
75 E
76 E
77 E
78 L
79 R
80 E
81 E
82 E
83 E
84 E
85 E
86 E
87 E
88 E
89 E
90 R
91 R
92 R
93 R
94 E
95 R
96 E
97 E
98 E
99 E
100 E
101 E
102 E
103 E
104 R
105 L
106 L
107 E
108 L
109 E
110 R
111 L
112 R
113 E
114 L
115 E
116 R
117 E
118 E
119 E
120 E
121 E
122 E
123 E
124 E
125 E
126 R
127 E
128 E
129 E
130 R
131 E
132 R
133 R
134 R
135 L
136 L
137 E
138 E
139 E
140 L
141 L
142 L
143 L
144 E
145 E
146 L
147 L
148 R
149 R
150 R
151 E
152 L
153 L
154 E
155 E
156 E
157 E
158 R
159 R
160 E
161 R
162 R
163 R
164 R
165 R
166 R
167 R
168 R
169 L
170 L
171 L
172 L
173 L
174 L
175 L
176 L
177 E
178 E
179 L
180 L
181 L
182 L
183 L
184 L
185 E
186 R
187 R
188 L
189 E
190 E
191 R
192 E
193 R
194 E
195 L
196 R
197 R
198 R
199 R
200 R
201 L
202 L
203 L
204 E
205 E
<precedence relations>
1,36
2,3
2,4
3,5
4,5
5,7
5,13
6,36
7,8
8,9
9,10
10,11
11,12
12,36
13,14
14,15
15,16
16,17
17,18
18,36
19,36
20,22
21,22
22,23
23,24
23,34
24,26
24,27
24,28
25,28
26,35
27,35
28,29
29,30
29,33
30,31
30,32
31,35
32,35
33,35
34,35
35,36
36,37
36,40
36,41
36,42
36,62
36,69
36,72
36,75
36,83
36,110
36,111
36,112
37,38
38,39
39,45
40,43
40,54
41,92
42,43
42,54
43,44
44,45
45,46
45,48
45,51
45,53
46,47
47,92
48,49
49,50
50,92
51,52
52,92
53,92
54,55
55,56
55,59
55,61
56,57
57,58
58,92
59,60
60,92
61,92
62,63
63,64
64,65
64,68
65,66
66,67
67,80
68,80
69,70
70,71
71,73
72,73
73,74
74,76
75,92
76,77
76,78
76,79
77,80
77,82
78,80
79,80
80,81
81,84
82,92
83,92
84,85
85,86
85,88
85,90
86,87
87,92
88,89
89,92
90,91
91,92
92,93
92,94
92,95
92,96
92,97
92,98
92,99
93,135
94,135
95,113
96,113
97,100
98,100
99,100
100,101
100,103
100,105
100,109
100,130
100,131
100,134
101,102
102,113
103,104
104,113
105,106
105,107
106,108
107,108
108,113
109,113
110,113
111,113
112,113
113,114
113,115
113,116
113,117
113,118
113,119
113,120
113,121
113,122
113,123
113,124
113,161
113,162
113,163
113,169
113,171
113,174
113,203
113,204
113,205
114,160
115,160
116,160
117,160
118,126
119,126
120,126
121,126
122,126
123,126
124,125
125,126
126,127
126,128
126,129
127,135
128,135
129,135
130,136
131,132
132,133
133,189
134,189
135,136
135,137
135,138
135,139
135,140
135,141
135,142
135,144
135,145
135,147
135,148
135,149
135,150
135,151
135,152
135,153
135,158
136,189
137,160
138,160
139,160
140,143
141,143
142,143
143,160
144,160
145,146
146,160
147,160
148,160
149,160
150,160
151,160
152,160
153,154
154,155
155,156
156,157
157,189
158,159
159,189
160,164
160,170
160,178
160,179
160,184
161,167
162,165
163,164
164,165
165,166
166,167
167,168
168,177
169,170
170,172
171,172
172,173
173,175
174,175
175,176
176,177
177,185
177,186
177,187
177,188
177,194
177,195
178,180
179,180
180,181
180,183
181,182
185,189
186,189
187,189
188,189
189,190
189,191
189,193
191,192
194,197
195,196
196,197
197,198
197,199
197,201
199,200
201,202
<end>