<number of tasks>
205
<number of mated-station>
14
<type of the robots>
28
<limit of the robots>
1 1
2 1
3 1
4 1
5 1
6 1
7 1
8 1
9 1
10 1
11 1
12 1
13 1
14 1
15 1
16 1
17 1
18 1
19 1
20 1
21 1
22 1
23 1
24 1
25 1
26 1
27 1
28 1
<task times>
1 556 724 715 727 773 811 794 648 759 586 672 564 781 611 689 588 761 826 611 653 581 734 824 564 574 580 652 742
2 49 50 40 41 45 48 41 50 41 43 38 42 37 50 48 43 41 36 47 49 35 46 40 49 36 37 34 37
3 228 254 301 229 217 288 266 257 216 264 236 233 294 278 299 308 310 280 218 296 287 290 219 301 304 225 211 312
4 281 309 234 297 259 269 233 220 225 296 249 249 212 263 285 223 231 290 225 252 279 259 260 269 305 271 235 228
5 172 174 161 154 169 182 143 134 188 146 144 167 163 138 183 182 126 126 178 144 140 153 156 179 174 160 157 178
6 103 75 106 93 99 80 74 88 74 95 94 81 104 81 76 83 80 77 97 87 85 93 105 77 86 94 104 72
7 63 45 56 59 51 60 46 43 61 60 63 46 45 47 43 54 56 64 59 64 55 46 63 59 47 57 53 56
8 69 71 72 64 69 78 73 63 58 62 57 77 72 69 69 74 66 58 74 58 75 57 74 69 71 64 62 64
9 34 28 28 32 26 35 32 34 35 26 24 33 25 35 32 25 30 25 31 29 36 31 35 33 33 35 25 32
10 88 85 88 113 110 94 115 89 105 86 126 100 105 127 109 113 106 103 123 90 126 89 96 114 112 111 95 115
11 32 34 30 31 36 27 29 34 26 33 35 37 28 38 31 35 26 32 31 29 38 36 33 28 30 34 37 27
12 71 59 63 62 60 73 50 52 51 62 54 53 65 59 74 55 51 69 70 52 51 50 53 51 52 60 63 73
13 61 47 53 45 45 45 60 43 48 58 53 48 45 63 45 62 63 65 46 44 60 44 60 55 51 46 60 57
14 54 65 69 70 62 54 68 64 59 58 62 56 57 54 68 67 72 66 67 76 68 78 70 56 62 66 63 66
15 25 24 35 24 34 25 35 25 29 25 29 32 28 30 33 25 28 35 26 24 32 32 29 30 33 30 27 31
16 117 121 101 123 114 96 90 86 98 120 96 126 119 89 110 116 109 97 87 115 124 103 115 92 120 91 86 103
17 34 31 26 32 34 31 34 33 30 33 28 34 38 30 29 27 29 36 35 32 35 32 29 28 26 27 31 33
18 50 67 69 56 74 56 59 71 59 65 66 60 60 74 58 53 68 68 50 53 73 57 63 53 57 51 63 50
19 51 47 50 60 58 53 51 53 55 61 57 55 50 50 60 55 61 54 61 54 47 50 64 52 56 58 58 49
20 76 69 70 61 61 73 79 73 70 70 60 76 76 71 74 58 59 56 67 63 73 70 57 75 64 63 57 63
21 80 97 102 81 77 78 83 87 75 92 100 69 72 70 71 74 91 77 89 85 69 77 100 84 92 77 81 89
22 39 41 39 39 33 43 37 40 32 33 38 38 43 39 40 30 35 36 42 37 36 44 41 44 44 35 38 40
23 34 36 40 43 39 41 42 40 45 43 49 34 43 35 49 36 37 47 48 45 35 36 40 43 34 36 41 38
24 64 58 63 62 65 79 58 77 66 85 58 76 63 80 83 76 72 80 82 81 77 77 72 81 60 63 81 84
25 80 70 73 102 101 74 80 86 82 82 82 100 90 82 87 97 102 79 74 87 71 75 71 103 84 83 98 101
26 17 17 13 13 16 17 18 14 16 19 14 14 15 17 16 17 14 16 18 16 13 15 19 14 19 17 19 15
27 45 47 46 49 42 58 46 57 49 49 56 50 56 56 49 44 49 54 50 57 43 51 42 61 55 54 57 48
28 55 78 63 55 60 56 74 60 57 64 65 60 69 76 77 72 66 63 53 63 62 67 72 57 69 69 60 57
29 39 47 35 33 38 40 41 36 42 36 49 36 39 39 36 45 35 36 41 34 46 45 40 39 46 48 49 47
30 59 63 64 79 81 63 68 65 60 79 76 68 76 69 72 82 58 71 59 81 72 65 61 76 73 61 61 77
31 44 50 58 51 44 41 55 47 55 51 42 54 61 55 43 48 46 47 52 50 54 51 44 42 60 49 49 49
32 17 17 15 15 16 18 16 15 13 14 16 16 13 18 13 13 18 13 15 15 15 14 13 13 18 18 19 19
33 14 16 16 17 13 13 14 14 16 15 14 16 18 17 18 12 17 16 18 15 15 15 16 13 13 14 16 14
34 13 15 17 16 17 15 13 15 18 16 14 14 13 13 12 16 15 15 17 12 13 18 15 17 15 14 12 15
35 69 74 72 75 71 83 85 90 86 82 77 84 94 75 102 86 85 74 86 85 76 100 83 80 68 78 75 95
36 54 58 59 54 67 64 60 61 48 52 57 69 51 63 67 51 51 59 60 49 63 56 63 70 56 50 52 64
37 26 27 20 21 27 28 21 22 23 27 25 23 21 19 23 23 21 27 20 27 19 27 20 19 21 22 27 19
38 15 12 12 14 11 14 11 15 11 12 13 12 12 12 14 11 15 13 12 13 11 16 11 13 14 12 12 15
39 19 20 23 21 18 16 16 17 22 20 16 15 17 20 17 23 20 18 20 21 15 22 18 20 21 17 20 16
40 107 92 90 93 95 103 112 112 123 128 106 106 117 89 91 96 94 89 92 118 103 120 99 104 94 95 112 127
41 180 239 186 234 197 248 185 250 237 182 247 181 249 182 198 183 191 203 247 192 217 225 183 203 178 255 179 221
42 87 87 94 67 83 74 67 93 86 65 93 96 89 84 75 80 67 85 69 80 77 85 90 89 73 83 69 66
43 37 44 31 43 38 39 34 40 33 32 37 31 31 35 44 43 30 42 36 39 41 34 33 30 35 38 43 35
44 97 77 94 84 95 84 86 96 71 88 91 74 92 97 69 79 97 82 75 79 92 69 71 71 92 91 85 80
45 17 18 17 18 21 22 15 16 19 16 21 21 17 18 18 18 15 15 18 17 21 19 17 17 15 16 18 19
46 10 13 14 12 12 10 13 13 14 11 12 12 11 12 10 13 10 12 12 13 11 13 10 14 14 11 10 13
47 34 35 34 33 34 31 32 29 24 34 26 34 27 34 31 28 31 32 33 28 28 32 30 24 30 27 30 26
48 34 37 43 30 41 35 44 32 42 31 36 44 39 35 33 40 33 31 34 37 36 32 38 35 32 33 38 30
49 11 11 11 13 10 15 11 14 16 12 13 11 13 13 15 13 13 12 14 11 11 14 14 13 11 15 14 12
50 77 69 65 75 60 74 59 75 70 61 62 58 80 80 73 57 81 66 83 59 65 70 62 66 59 83 75 68
51 256 252 257 215 260 246 203 247 244 213 230 201 253 205 207 243 244 249 244 253 217 235 178 176 256 231 207 257
52 61 62 71 81 85 72 70 64 70 76 64 62 82 68 64 76 61 69 83 73 59 65 69 85 71 83 78 76
53 98 92 75 80 78 81 81 93 93 79 69 70 82 81 84 96 100 90 81 95 72 89 69 97 76 77 88 94
54 51 44 45 45 49 37 44 35 42 37 47 38 48 38 48 37 42 51 41 46 39 46 47 45 49 37 47 46
55 79 84 89 107 101 83 109 112 87 84 80 106 90 112 114 79 93 88 110 96 113 99 93 88 112 85 97 114
56 30 41 40 32 43 33 44 43 41 36 38 42 37 43 38 34 41 37 33 40 36 41 38 31 43 39 39 37
57 13 15 15 14 11 14 12 13 14 14 11 13 11 11 12 15 11 12 15 11 13 11 14 14 14 12 11 12
58 31 35 30 42 37 29 35 33 31 36 40 35 36 32 39 40 31 29 30 31 41 34 39 36 37 37 36 37
59 246 248 178 209 223 212 221 226 253 184 249 218 209 192 201 256 246 185 236 226 197 183 221 219 190 257 202 223
60 72 61 86 80 74 66 82 70 71 65 58 67 79 77 69 64 59 66 63 62 86 70 75 78 65 73 64 75
61 83 90 98 96 89 70 81 71 78 70 91 86 90 80 95 89 85 86 81 71 70 93 74 75 71 85 102 79
62 28 29 24 28 23 26 22 26 28 25 28 22 28 29 29 27 25 25 30 22 24 20 22 29 23 25 25 20
63 30 31 41 44 39 41 31 32 38 44 42 37 31 43 35 42 31 35 41 39 31 36 30 39 41 38 38 32
64 44 31 42 36 32 31 44 33 42 33 32 35 37 35 42 34 43 41 34 32 41 40 31 30 35 35 35 43
65 111 104 114 114 98 105 123 101 91 83 120 117 109 114 83 112 97 100 92 116 116 83 90 93 119 92 121 89
66 116 149 167 141 117 166 164 152 136 126 146 136 113 123 134 128 134 138 167 146 159 134 152 139 127 138 151 157
67 51 49 46 40 44 56 58 42 42 43 54 44 56 54 56 43 54 42 40 57 42 45 41 56 40 44 49 50
68 40 38 32 31 28 35 30 32 35 40 41 34 34 33 40 31 39 35 33 37 35 29 32 31 37 30 41 31
69 41 41 61 56 52 41 58 60 44 42 56 57 44 55 45 53 56 46 49 48 42 58 48 54 60 61 44 44
70 82 88 81 75 72 102 105 79 77 79 82 72 101 99 79 89 79 104 106 95 79 96 97 98 104 75 94 98
71 46 50 48 61 51 54 47 57 60 45 48 49 47 57 50 62 61 44 59 62 62 44 49 55 62 61 50 61
72 153 122 126 159 170 132 159 116 164 126 162 171 138 125 170 125 119 134 117 148 163 161 124 124 147 116 140 173
73 348 328 277 290 308 366 303 318 364 290 329 286 382 336 274 360 277 325 378 334 362 286 402 383 347 400 362 322
74 118 124 88 119 90 108 115 112 93 94 89 110 93 116 87 87 93 107 87 92 115 108 92 116 86 106 94 122
75 376 318 403 368 341 300 323 400 314 373 421 309 308 407 411 430 304 437 426 417 404 410 336 396 367 408 303 389
76 94 98 82 97 88 113 92 113 97 115 114 115 86 83 81 87 115 88 106 86 99 110 104 84 82 89 104 81
77 197 143 173 189 180 194 152 148 151 189 197 189 170 186 178 164 177 145 136 175 139 167 176 196 137 157 140 180
78 85 97 83 88 97 88 84 83 85 103 92 83 88 79 87 92 78 87 106 92 100 110 97 106 106 74 97 99
79 105 100 105 77 95 90 86 93 90 80 106 95 92 74 107 94 86 82 97 93 81 85 99 76 107 101 95 89
80 119 117 110 102 90 99 92 116 106 123 89 94 107 106 89 93 108 124 119 87 85 120 127 104 122 88 89 126
81 54 48 39 46 40 56 46 43 40 54 45 56 57 40 55 57 50 53 44 50 40 51 57 43 51 48 53 56
82 91 96 97 102 104 89 74 83 97 102 88 90 91 83 103 91 87 89 79 106 107 91 103 85 98 95 99 75
83 432 329 404 358 404 307 424 437 409 344 365 322 330 442 435 367 360 418 436 299 385 406 357 300 371 339 335 394
84 92 97 92 97 103 91 72 82 84 91 92 89 96 80 91 75 77 101 96 103 92 72 78 76 71 82 72 101
85 167 146 181 169 144 141 172 141 155 144 189 173 166 136 140 142 188 143 149 154 183 150 163 136 132 171 175 183
86 80 115 82 86 97 103 82 100 78 79 111 104 81 112 100 113 107 86 101 102 111 101 83 107 113 101 112 82
87 75 75 70 66 69 77 77 90 65 72 69 82 87 69 82 83 89 85 65 71 80 72 92 65 77 68 68 91
88 86 108 114 112 107 105 83 104 92 91 91 83 78 91 93 97 104 81 90 115 104 109 84 95 105 99 79 103
89 45 45 42 36 42 45 50 34 40 49 40 45 36 47 36 38 40 41 50 42 48 34 50 39 42 34 38 44
90 89 92 95 75 94 83 76 88 85 80 72 71 80 100 99 94 77 100 72 84 73 96 92 102 104 78 96 92
91 96 80 94 98 80 83 101 81 79 88 89 95 80 79 82 101 96 84 75 81 97 84 90 104 75 82 73 98
92 79 90 95 104 93 85 88 87 96 108 94 84 112 78 106 108 99 79 86 96 86 103 111 89 113 100 84 96
93 218 264 283 303 294 312 259 302 304 273 220 254 245 280 221 236 310 268 247 289 309 288 261 259 290 269 316 323
94 401 362 472 411 393 362 503 430 452 420 495 464 399 500 391 437 483 367 446 499 402 419 435 493 365 449 400 394
95 46 41 53 56 42 45 44 40 57 41 44 57 39 50 40 49 52 53 39 52 41 44 57 52 52 53 45 53
96 345 375 318 398 330 386 361 331 294 365 332 368 291 341 397 311 289 338 341 271 393 352 358 317 279 327 342 302
97 29 34 35 31 35 29 37 35 35 37 28 36 33 29 32 37 33 38 27 31 37 36 34 39 30 33 37 28
98 66 65 72 68 64 63 76 68 56 70 68 66 70 60 66 76 54 62 60 53 59 56 65 55 56 63 59 55
99 60 41 54 47 51 48 40 48 55 56 52 45 57 49 45 52 54 45 55 42 47 43 48 57 51 58 56 48
100 96 121 106 95 98 102 133 117 111 94 118 107 128 128 118 106 95 94 115 105 96 112 94 106 125 97 111 129
101 51 44 41 52 47 47 51 55 47 42 41 54 39 46 42 53 44 45 56 41 39 40 48 40 45 45 54 50
102 138 138 128 113 126 108 114 106 97 97 106 94 99 96 114 139 105 134 120 128 115 101 125 129 133 109 101 107
103 47 43 51 54 45 56 54 53 53 59 45 41 46 58 47 52 55 49 59 42 57 41 57 56 48 48 53 45
104 81 56 55 64 62 71 55 57 67 68 63 72 56 65 80 76 71 61 78 77 58 64 63 57 69 55 70 81
105 223 219 231 229 256 266 276 231 232 267 245 251 229 217 218 195 214 212 201 268 193 229 271 213 266 261 203 238
106 142 123 123 105 138 106 115 98 136 105 131 128 118 102 119 114 134 105 117 104 142 119 102 129 131 133 125 121
107 160 123 143 162 156 142 134 173 133 130 163 149 164 125 153 125 122 156 123 124 158 157 159 155 142 161 126 121
108 33 32 29 26 34 32 28 32 26 34 37 31 37 33 32 33 30 33 35 33 29 27 32 31 25 31 26 33
109 95 94 82 106 98 108 87 89 102 98 93 104 95 111 90 80 112 84 90 94 81 93 95 85 114 105 79 83
110 312 351 317 338 315 263 333 283 268 330 339 336 329 359 314 277 301 320 337 305 279 301 327 324 368 254 281 327
111 96 114 129 134 137 120 118 129 97 122 110 129 127 98 114 108 134 135 115 127 93 118 95 136 126 96 131 108
112 274 328 326 343 329 271 289 357 293 332 301 279 313 374 276 320 298 273 274 322 351 282 335 374 264 267 320 298
113 28 32 38 38 32 28 39 38 28 27 37 38 37 34 40 40 40 33 29 39 40 41 40 32 29 35 31 30
114 110 115 135 111 149 148 152 146 142 145 124 139 121 132 143 153 107 118 109 140 120 128 149 138 143 123 113 144
115 63 48 54 47 63 45 64 63 51 44 53 48 61 59 59 65 47 53 45 56 54 45 54 59 49 64 45 57
116 173 148 167 195 146 171 144 210 160 203 156 175 208 193 184 150 149 178 197 180 174 173 161 183 178 179 153 183
117 51 61 57 51 45 64 49 47 55 61 48 47 47 56 60 59 53 49 48 57 44 57 65 51 50 53 50 58
118 269 276 256 356 316 266 285 254 246 316 264 320 318 255 278 248 362 338 353 273 253 351 317 332 271 275 363 255
119 67 68 70 50 50 55 51 57 68 48 52 59 51 55 51 71 59 60 51 54 59 60 50 52 65 53 51 69
120 55 54 69 50 70 58 63 53 64 47 71 63 64 64 62 63 69 49 47 68 55 52 48 70 60 56 64 50
121 61 66 77 61 78 66 79 67 64 65 60 74 62 72 72 55 56 65 61 75 59 73 64 64 70 55 74 71
122 61 79 64 61 63 67 72 69 60 59 64 56 60 65 63 71 55 57 61 55 65 64 79 70 74 76 74 68
123 19 24 19 26 18 19 28 24 21 27 20 20 21 26 20 25 26 25 21 20 25 23 26 25 20 21 22 22
124 227 199 197 225 265 216 274 291 226 255 256 223 271 201 250 291 247 275 204 254 275 199 235 219 250 198 237 217
125 58 55 60 56 45 59 60 62 55 64 57 51 46 53 58 53 64 47 63 61 57 48 52 46 64 50 47 50
126 246 350 301 252 297 302 337 344 264 277 250 316 279 317 247 268 326 332 351 327 239 251 343 289 302 281 293 314
127 76 73 82 87 99 76 71 73 93 83 90 78 80 68 99 95 92 97 76 74 75 90 72 67 89 85 82 72
128 61 67 52 57 56 56 61 64 53 65 55 49 60 69 70 53 61 53 65 73 64 73 58 49 60 52 63 56
129 55 46 51 68 65 61 52 53 58 48 60 60 53 63 67 47 48 53 46 64 51 67 63 55 48 47 47 60
130 32 41 37 33 41 34 43 31 35 34 33 45 44 45 34 37 38 44 40 45 32 44 32 33 38 33 35 44
131 1099 763 1040 926 927 1023 912 1002 934 1008 1017 957 1091 1089 838 971 909 1013 951 1071 1011 1037 1003 1113 992 833 760 1030
132 432 433 413 417 568 514 582 604 600 477 507 409 456 521 588 472 529 542 424 506 459 483 464 439 548 460 504 451
133 709 584 652 612 671 627 594 673 566 612 532 509 726 620 741 592 515 638 513 718 531 636 690 691 603 726 563 670
134 521 529 441 527 362 405 402 530 458 513 386 416 389 447 419 440 443 488 483 480 502 454 471 458 370 406 430 445
135 66 54 72 56 78 81 59 71 77 59 57 81 69 73 78 70 64 55 56 78 78 66 55 73 74 71 62 77
136 48 44 52 57 54 46 54 49 48 52 58 58 47 44 63 51 44 44 61 60 44 61 59 58 44 55 46 49
137 48 48 53 41 58 47 55 56 42 49 41 50 42 40 50 52 48 49 52 49 58 46 46 44 42 46 39 50
138 79 92 107 98 99 86 80 77 95 79 87 92 93 86 87 78 100 78 81 75 102 85 101 74 78 96 107 83
139 230 231 267 245 239 208 200 267 226 225 242 209 195 266 197 260 260 264 230 271 226 206 214 276 275 250 201 202
140 98 132 105 99 138 94 108 104 128 114 130 119 98 133 124 125 137 132 133 103 101 139 130 106 100 130 113 116
141 292 291 298 234 237 252 291 307 216 218 247 299 315 239 244 265 220 308 251 217 277 272 310 218 265 263 282 240
142 171 136 171 174 138 120 144 146 150 151 149 136 177 124 136 137 174 154 155 124 134 134 154 131 146 169 142 132
143 88 83 72 72 78 84 72 73 69 62 74 69 87 74 65 78 74 60 65 74 71 80 71 68 82 82 77 70
144 302 319 347 398 286 305 366 291 285 362 275 320 304 313 277 295 394 289 360 345 353 272 327 272 326 336 357 355
145 344 343 267 361 384 329 270 290 383 353 310 372 279 363 305 333 388 374 322 347 373 361 375 365 362 274 316 276
146 114 115 87 95 103 99 117 84 109 116 89 107 91 85 96 84 118 90 92 121 115 88 111 106 108 119 93 94
147 61 53 59 59 52 48 44 41 44 52 55 61 56 50 41 48 41 46 45 51 61 59 45 52 59 42 55 52
148 56 51 53 53 54 56 69 47 47 47 67 57 63 47 50 65 49 68 47 47 54 48 63 67 53 56 59 69
149 58 69 68 54 58 59 77 65 67 60 69 80 55 57 59 79 67 55 72 76 68 55 64 80 69 57 60 58
150 54 56 44 56 45 42 40 47 39 55 43 44 43 42 47 46 42 54 53 44 56 54 41 50 43 48 57 43
151 114 102 99 91 91 125 89 93 119 87 120 101 95 112 103 121 98 87 99 123 93 114 118 110 110 88 101 89
152 41 43 36 44 38 31 33 45 41 41 39 31 40 32 39 34 34 38 31 41 32 37 31 38 38 40 39 31
153 30 30 32 25 26 32 24 25 30 27 25 26 23 23 31 22 29 24 23 32 23 28 24 22 32 30 32 29
154 69 55 59 69 73 58 63 68 72 79 81 63 73 75 77 56 78 71 61 75 79 55 76 76 73 58 78 72
155 212 215 205 241 235 229 234 236 248 218 199 204 208 200 168 217 202 203 215 233 171 180 188 186 197 239 238 239
156 211 206 170 226 174 209 184 236 220 168 189 218 185 202 237 229 176 172 215 187 226 224 168 179 172 170 205 202
157 83 82 69 71 98 95 97 83 93 92 89 87 72 70 92 97 89 98 79 69 88 96 87 91 83 84 68 85
158 30 41 33 31 29 40 33 36 40 29 40 32 40 36 35 39 34 40 40 36 35 30 33 32 36 40 42 40
159 61 51 48 51 57 61 59 68 67 55 66 66 53 54 47 47 49 50 56 55 61 62 48 67 52 54 63 68
160 41 41 34 35 43 44 38 34 44 46 36 45 49 42 48 46 47 39 46 44 44 41 38 42 42 34 38 43
161 72 63 66 61 70 65 70 56 79 64 64 78 59 74 67 72 79 55 61 79 66 77 75 62 71 77 77 62
162 82 62 61 64 77 80 73 57 71 70 62 78 67 70 72 74 59 55 81 59 62 55 80 79 67 55 74 76
163 65 76 68 77 64 55 62 69 77 60 56 78 70 58 65 81 66 55 56 64 78 70 66 60 58 72 59 80
164 110 84 118 101 115 99 112 108 107 120 97 120 107 120 102 123 101 115 102 113 89 116 107 83 86 123 114 99
165 104 99 88 84 118 103 91 114 117 103 88 105 111 97 110 109 111 90 118 112 119 118 111 124 87 84 121 118
166 123 121 102 83 115 93 103 88 120 95 117 114 110 106 123 113 93 113 105 82 85 92 112 115 111 101 94 123
167 85 95 103 116 86 112 120 107 110 90 100 87 85 95 87 84 113 86 87 98 106 98 106 118 90 95 89 115
168 99 113 102 109 98 89 119 113 89 84 111 119 122 95 121 119 92 84 100 89 116 121 94 88 87 93 118 109
169 66 72 72 59 69 60 57 74 61 72 74 79 65 81 59 76 55 65 69 77 81 80 80 61 77 60 62 69
170 90 108 96 104 105 114 107 116 99 103 89 104 95 119 87 101 118 108 105 97 90 84 115 90 99 115 91 104
171 56 64 78 79 58 75 72 77 76 79 73 79 76 62 72 57 61 65 67 64 81 72 56 55 56 59 77 60
172 114 108 87 109 84 114 99 95 105 95 120 93 96 121 87 117 97 88 95 100 105 82 120 94 111 110 119 119
173 105 100 106 84 118 116 117 90 87 94 98 99 85 95 112 100 104 90 92 119 111 100 111 85 88 102 104 106
174 74 79 74 64 77 81 67 74 59 77 70 67 79 61 64 57 67 68 70 75 70 74 68 64 57 70 70 68
175 114 88 116 104 113 96 116 84 92 115 98 84 88 109 119 91 83 115 113 93 95 102 101 90 88 83 107 85
176 86 112 108 110 94 95 119 83 118 101 83 90 114 111 123 105 114 96 114 101 88 107 94 86 83 116 107 101
177 10 10 8 10 10 8 12 11 11 8 9 10 8 9 10 10 12 9 11 9 11 12 9 11 8 10 12 10
178 208 189 157 179 182 179 186 159 163 222 177 161 203 155 188 201 172 179 158 151 213 209 217 167 214 167 194 220
179 157 121 110 151 125 127 150 110 130 134 156 147 110 111 140 128 139 137 115 129 150 135 131 158 125 118 119 124
180 77 104 84 89 94 99 98 83 82 78 92 93 104 94 100 101 94 83 81 91 79 103 72 74 78 103 82 94
181 66 55 56 64 48 49 58 67 63 50 52 57 54 50 56 69 65 68 67 54 56 47 60 54 62 48 60 47
182 56 43 49 53 43 50 56 43 41 43 55 58 58 50 41 49 43 49 58 53 54 54 46 41 40 49 46 52
183 130 160 129 149 115 132 147 126 134 135 111 108 157 133 109 132 116 158 113 126 155 120 145 159 150 160 153 156
184 48 52 49 59 43 57 54 46 48 63 59 52 52 59 50 51 57 42 52 63 60 53 46 63 49 56 54 43
185 335 297 320 379 380 377 382 396 285 357 352 355 362 327 361 392 324 337 270 350 397 361 400 374 306 294 295 380
186 23 22 26 25 23 27 26 21 25 26 23 28 19 27 24 23 20 20 23 19 23 20 20 21 27 19 26 25
187 74 79 71 72 75 63 79 69 64 88 69 84 75 84 81 68 66 90 75 70 77 77 90 82 84 80 90 81
188 77 69 89 82 88 83 85 72 75 72 81 68 71 75 78 64 72 74 77 77 90 69 86 64 66 77 79 77
189 196 177 166 157 226 197 174 165 155 166 208 219 167 177 222 214 159 174 192 202 196 208 172 212 164 186 229 156
190 108 106 108 102 106 84 115 107 88 102 105 96 97 90 97 117 97 97 103 104 103 97 111 104 92 114 96 110
191 214 296 225 253 280 295 254 291 211 215 236 218 249 216 298 255 279 305 239 263 300 208 293 252 248 260 232 261
192 178 138 171 166 135 173 136 144 160 133 164 143 171 196 172 193 184 156 170 136 133 155 148 155 144 167 176 159
193 36 45 30 35 45 39 39 32 38 32 33 32 42 37 31 37 31 38 40 44 42 32 33 43 35 44 31 32
194 96 136 119 130 120 128 100 93 100 124 131 118 114 115 109 95 114 113 92 119 122 118 110 122 117 126 113 131
195 73 67 97 85 94 90 72 69 70 67 79 75 98 96 91 67 98 89 77 91 67 94 93 69 92 83 97 81
196 59 48 60 47 49 57 58 65 54 53 49 49 60 47 55 49 58 58 67 48 51 56 45 65 66 61 56 66
197 28 23 30 26 33 26 23 28 30 30 29 24 25 30 23 26 24 32 28 24 29 27 30 25 24 27 35 28
198 347 293 295 266 324 317 246 329 308 316 259 292 315 298 333 245 284 270 363 277 274 351 289 314 287 279 332 248
199 16 18 19 15 20 15 16 17 19 19 17 14 18 16 19 16 18 21 19 15 17 16 17 16 18 19 17 18
200 28 27 31 23 32 33 26 34 25 33 30 27 34 35 31 25 33 33 23 34 23 30 33 32 27 27 31 33
201 137 150 167 143 143 144 142 167 123 144 155 130 136 151 145 168 179 150 152 143 182 149 140 147 131 169 172 128
202 78 96 89 72 90 98 99 101 103 94 96 74 92 107 105 101 105 78 106 76 73 98 83 97 78 84 76 100
203 79 98 92 100 108 102 106 86 76 98 95 109 102 76 104 105 87 87 86 81 81 96 110 98 98 104 78 95
204 101 82 95 102 94 104 84 82 76 77 97 113 94 82 76 86 105 84 82 90 93 82 78 93 82 85 112 77
205 182 198 135 159 135 167 140 190 135 146 167 135 175 145 153 149 139 190 161 166 143 139 171 180 149 168 185 167
<task directions>
1 E
2 E
3 R
4 L
5 E
6 E
7 R
8 R
9 R
10 R
11 R
12 R
13 L
14 L
15 L
16 L
17 L
18 L
19 E
20 E
21 E
22 E
23 E
24 E
25 R
26 L
27 R
28 R
29 R
30 R
31 R
32 R
33 R
34 L
35 E
36 E
37 L
38 L
39 L
40 E
41 E
42 E
43 L
44 L
45 L
46 L
47 L
48 L
49 L
50 L
51 L
52 L
53 L
54 R
55 R
56 R
57 R
58 R
59 R
60 R
61 R
62 E
63 E
64 E
65 E
66 E
67 E
68 E
69 E
70 E
71 E
72 E
73 E
74 E
75 E
76 E
77 E
78 L
79 R
80 E
81 E
82 E
83 E
84 E
85 E
86 E
87 E
88 E
89 E
90 R
91 R
92 R
93 R
94 E
95 R
96 E
97 E
98 E
99 E
100 E
101 E
102 E
103 E
104 R
105 L
106 L
107 E
108 L
109 E
110 R
111 L
112 R
113 E
114 L
115 E
116 R
117 E
118 E
119 E
120 E
121 E
122 E
123 E
124 E
125 E
126 R
127 E
128 E
129 E
130 R
131 E
132 R
133 R
134 R
135 L
136 L
137 E
138 E
139 E
140 L
141 L
142 L
143 L
144 E
145 E
146 L
147 L
148 R
149 R
150 R
151 E
152 L
153 L
154 E
155 E
156 E
157 E
158 R
159 R
160 E
161 R
162 R
163 R
164 R
165 R
166 R
167 R
168 R
169 L
170 L
171 L
172 L
173 L
174 L
175 L
176 L
177 E
178 E
179 L
180 L
181 L
182 L
183 L
184 L
185 E
186 R
187 R
188 L
189 E
190 E
191 R
192 E
193 R
194 E
195 L
196 R
197 R
198 R
199 R
200 R
201 L
202 L
203 L
204 E
205 E
<precedence relations>
1,36
2,3
2,4
3,5
4,5
5,7
5,13
6,36
7,8
8,9
9,10
10,11
11,12
12,36
13,14
14,15
15,16
16,17
17,18
18,36
19,36
20,22
21,22
22,23
23,24
23,34
24,26
24,27
24,28
25,28
26,35
27,35
28,29
29,30
29,33
30,31
30,32
31,35
32,35
33,35
34,35
35,36
36,37
36,40
36,41
36,42
36,62
36,69
36,72
36,75
36,83
36,110
36,111
36,112
37,38
38,39
39,45
40,43
40,54
41,92
42,43
42,54
43,44
44,45
45,46
45,48
45,51
45,53
46,47
47,92
48,49
49,50
50,92
51,52
52,92
53,92
54,55
55,56
55,59
55,61
56,57
57,58
58,92
59,60
60,92
61,92
62,63
63,64
64,65
64,68
65,66
66,67
67,80
68,80
69,70
70,71
71,73
72,73
73,74
74,76
75,92
76,77
76,78
76,79
77,80
77,82
78,80
79,80
80,81
81,84
82,92
83,92
84,85
85,86
85,88
85,90
86,87
87,92
88,89
89,92
90,91
91,92
92,93
92,94
92,95
92,96
92,97
92,98
92,99
93,135
94,135
95,113
96,113
97,100
98,100
99,100
100,101
100,103
100,105
100,109
100,130
100,131
100,134
101,102
102,113
103,104
104,113
105,106
105,107
106,108
107,108
108,113
109,113
110,113
111,113
112,113
113,114
113,115
113,116
113,117
113,118
113,119
113,120
113,121
113,122
113,123
113,124
113,161
113,162
113,163
113,169
113,171
113,174
113,203
113,204
113,205
114,160
115,160
116,160
117,160
118,126
119,126
120,126
121,126
122,126
123,126
124,125
125,126
126,127
126,128
126,129
127,135
128,135
129,135
130,136
131,132
132,133
133,189
134,189
135,136
135,137
135,138
135,139
135,140
135,141
135,142
135,144
135,145
135,147
135,148
135,149
135,150
135,151
135,152
135,153
135,158
136,189
137,160
138,160
139,160
140,143
141,143
142,143
143,160
144,160
145,146
146,160
147,160
148,160
149,160
150,160
151,160
152,160
153,154
154,155
155,156
156,157
157,189
158,159
159,189
160,164
160,170
160,178
160,179
160,184
161,167
162,165
163,164
164,165
165,166
166,167
167,168
168,177
169,170
170,172
171,172
172,173
173,175
174,175
175,176
176,177
177,185
177,186
177,187
177,188
177,194
177,195
178,180
179,180
180,181
180,183
181,182
185,189
186,189
187,189
188,189
189,190
189,191
189,193
191,192
194,197
195,196
196,197
197,198
197,199
197,201
199,200
201,202
<end>