<number of tasks>
205
<number of mated-station>
4
<type of the robots>
8
<limit of the robots>
1 1
2 1
3 1
4 1
5 1
6 1
7 1
8 1
<task times>
1 556 724 715 727 773 811 794 648
2 46 36 41 34 47 37 42 36
3 287 312 230 246 219 277 311 213
4 216 219 246 280 306 310 247 254
5 169 181 155 187 152 162 142 155
6 78 106 102 93 87 78 100 105
7 45 59 52 63 47 47 43 48
8 58 65 77 59 56 74 68 66
9 25 30 27 27 34 32 34 35
10 126 114 89 120 117 118 89 122
11 37 28 26 38 34 38 29 36
12 62 64 55 52 53 70 59 59
13 44 54 59 46 48 60 47 52
14 72 67 67 69 78 70 60 59
15 33 33 31 29 32 35 27 26
16 127 98 97 113 110 93 124 123
17 26 26 36 29 29 31 32 37
18 69 63 62 70 71 51 73 64
19 61 50 46 55 46 59 58 50
20 77 61 56 61 60 58 72 65
21 81 89 100 73 82 90 100 69
22 43 31 38 40 35 41 32 30
23 47 46 48 35 34 36 33 41
24 75 86 78 85 73 61 84 78
25 74 90 84 90 89 91 93 82
26 16 19 17 15 14 15 14 18
27 55 53 52 56 50 44 56 44
28 74 56 73 68 69 63 61 63
29 47 38 39 44 35 48 44 46
30 83 63 58 80 61 84 76 60
31 51 42 52 49 61 52 60 56
32 18 18 13 17 13 13 13 17
33 16 13 16 13 15 12 18 14
34 15 18 15 16 15 15 17 13
35 101 71 77 91 90 89 77 92
36 58 63 55 58 66 50 53 62
37 19 24 26 26 20 27 23 25
38 11 13 13 12 16 15 13 11
39 18 20 22 16 22 18 19 19
40 105 127 88 91 89 108 94 92
41 226 202 254 192 175 240 242 180
42 66 65 68 66 68 78 81 94
43 42 32 36 31 31 31 41 30
44 75 91 83 75 70 99 70 97
45 21 22 15 15 20 15 20 18
46 11 10 13 13 10 12 12 13
47 27 23 29 28 25 25 27 24
48 31 30 38 37 40 37 37 42
49 13 15 14 11 12 13 12 13
50 59 57 83 56 80 58 81 57
51 212 179 212 231 199 217 241 184
52 66 84 63 58 76 77 69 71
53 94 85 77 87 94 97 81 99
54 46 39 37 35 40 49 39 51
55 109 81 101 106 100 89 80 105
56 43 36 40 32 42 32 30 36
57 14 13 10 13 14 13 14 13
58 33 37 30 37 41 33 32 30
59 198 242 234 219 240 215 196 190
60 59 60 69 74 58 77 80 66
61 101 77 81 98 81 89 90 82
62 24 30 24 21 27 27 20 21
63 43 34 38 32 34 31 38 30
64 33 31 33 40 39 35 34 35
65 101 113 105 101 92 91 110 101
66 153 136 153 134 117 126 161 129
67 49 51 50 43 56 51 51 45
68 32 38 41 38 37 36 31 40
69 58 54 57 44 45 43 51 48
70 95 92 75 99 85 82 75 82
71 49 60 63 50 47 48 51 54
72 126 154 167 116 121 117 118 123
73 356 301 347 332 271 302 390 328
74 114 96 101 111 113 117 113 112
75 331 432 373 402 322 332 379 376
76 114 102 104 79 92 95 109 96
77 160 198 186 196 197 156 171 178
78 75 80 89 97 88 92 94 89
79 101 97 109 76 96 79 109 81
80 97 121 123 115 89 92 103 111
81 41 42 49 46 43 40 43 42
82 83 101 75 98 84 109 74 96
83 322 411 427 393 371 413 421 420
84 93 93 87 98 73 76 97 101
85 150 133 138 192 191 139 151 162
86 92 92 92 112 100 92 97 108
87 93 72 68 80 65 69 65 95
88 94 92 109 113 102 100 77 78
89 42 45 48 38 43 50 36 36
90 81 94 85 91 79 90 101 90
91 73 86 105 80 104 96 106 83
92 85 89 87 93 81 111 88 109
93 259 260 296 266 295 299 258 235
94 431 483 442 509 385 451 375 540
95 52 51 54 46 40 57 46 40
96 309 286 377 307 290 330 335 308
97 35 39 39 37 34 33 27 32
98 61 66 71 56 68 68 59 56
99 48 57 43 40 46 49 50 44
100 114 97 134 99 106 108 98 124
101 41 42 48 39 54 53 47 46
102 131 137 139 133 97 103 105 128
103 57 44 47 45 42 55 53 47
104 72 65 68 77 55 67 55 76
105 231 210 195 246 236 196 195 248
106 105 120 139 123 104 98 131 112
107 163 151 125 161 180 164 128 141
108 28 28 32 31 33 31 27 25
109 113 94 94 93 106 100 91 92
110 308 347 315 291 256 266 317 316
111 95 129 96 95 129 93 107 105
112 291 276 251 254 354 351 371 364
113 33 37 37 39 29 30 32 33
114 137 131 120 140 151 146 152 106
115 59 57 65 54 54 53 57 45
116 152 163 187 168 153 174 193 182
117 63 56 47 55 66 58 52 51
118 273 271 247 327 305 314 340 251
119 50 70 61 65 60 55 48 59
120 48 51 50 52 49 58 59 62
121 67 64 60 65 73 58 79 67
122 66 57 67 66 59 78 64 62
123 18 21 20 26 21 23 23 21
124 277 265 248 251 199 215 236 284
125 47 57 61 47 47 54 55 45
126 314 280 314 349 277 247 259 318
127 97 98 73 76 98 100 78 81
128 61 71 65 61 57 51 60 60
129 52 68 50 67 48 66 50 47
130 35 36 45 32 44 34 35 40
131 766 1020 763 1091 783 877 944 864
132 463 478 547 421 587 496 467 517
133 527 747 545 607 687 566 579 717
134 456 464 530 484 430 378 378 409
135 78 72 55 55 62 71 61 81
136 56 50 56 57 43 63 49 56
137 55 43 51 41 48 42 41 42
138 81 88 95 96 105 109 90 91
139 255 194 199 211 204 194 201 258
140 111 129 106 112 101 102 120 136
141 223 295 231 290 243 307 229 309
142 165 127 172 126 173 127 138 128
143 66 70 86 66 75 78 63 70
144 277 396 277 343 363 362 390 277
145 335 301 272 377 347 265 376 387
146 116 109 97 104 87 110 90 104
147 49 54 58 57 47 53 44 42
148 57 69 49 67 59 62 53 63
149 60 58 67 56 56 64 79 78
150 40 56 47 52 54 45 44 40
151 102 110 125 102 124 98 120 107
152 43 38 39 43 32 40 41 33
153 29 31 22 25 31 26 24 25
154 74 56 58 58 75 74 69 65
155 198 203 199 211 240 247 173 181
156 212 182 236 231 190 200 197 201
157 70 70 82 77 98 87 76 79
158 29 31 35 38 29 37 40 34
159 57 49 61 64 66 52 60 59
160 39 44 36 46 37 42 42 45
161 63 76 56 81 78 61 57 71
162 79 81 79 78 79 73 75 68
163 56 80 60 80 64 81 73 65
164 110 114 118 98 98 115 105 85
165 108 96 108 91 94 104 120 84
166 115 97 122 89 118 85 100 121
167 110 98 92 112 92 87 95 102
168 101 90 107 97 88 91 105 83
169 56 58 56 70 55 77 56 75
170 123 98 100 88 99 106 115 102
171 67 63 73 59 58 76 71 67
172 90 118 112 91 113 102 95 111
173 89 109 87 110 104 90 91 85
174 78 78 70 55 79 64 80 57
175 96 103 92 98 87 122 111 100
176 122 119 122 102 123 117 96 117
177 11 10 11 9 12 9 10 11
178 211 215 210 218 187 203 153 151
179 158 143 128 159 114 116 133 150
180 106 89 86 79 87 94 79 76
181 66 55 52 61 49 55 67 59
182 40 44 47 58 48 56 53 52
183 155 145 118 126 123 128 128 147
184 58 49 43 43 51 50 52 60
185 394 353 320 373 281 350 273 382
186 21 22 25 26 29 24 25 25
187 86 65 77 61 74 65 84 67
188 84 68 85 66 74 91 72 82
189 172 208 209 200 220 165 209 204
190 80 85 90 108 102 84 110 113
191 232 224 213 281 239 297 303 209
192 159 150 186 164 193 168 158 149
193 44 33 38 45 31 42 41 33
194 135 102 136 133 128 110 117 129
195 82 96 84 75 93 83 74 89
196 54 62 57 47 65 59 60 56
197 29 34 33 32 24 31 26 28
198 332 329 262 305 250 259 287 340
199 15 16 20 15 18 15 20 20
200 30 27 25 26 26 29 25 35
201 161 126 154 146 135 156 175 152
202 92 84 99 103 80 75 77 80
203 110 90 104 95 100 97 96 98
204 107 108 77 91 97 92 96 98
205 192 140 189 165 159 146 153 194
<task directions>
1 E
2 E
3 R
4 L
5 E
6 E
7 R
8 R
9 R
10 R
11 R
12 R
13 L
14 L
15 L
16 L
17 L
18 L
19 E
20 E
21 E
22 E
23 E
24 E
25 R
26 L
27 R
28 R
29 R
30 R
31 R
32 R
33 R
34 L
35 E
36 E
37 L
38 L
39 L
40 E
41 E
42 E
43 L
44 L
45 L
46 L
47 L
48 L
49 L
50 L
51 L
52 L
53 L
54 R
55 R
56 R
57 R
58 R
59 R
60 R
61 R
62 E
63 E
64 E
65 E
66 E
67 E
68 E
69 E
70 E
71 E
72 E
73 E
74 E
75 E
76 E
77 E
78 L
79 R
80 E
81 E
82 E
83 E
84 E
85 E
86 E
87 E
88 E
89 E
90 R
91 R
92 R
93 R
94 E
95 R
96 E
97 E
98 E
99 E
100 E
101 E
102 E
103 E
104 R
105 L
106 L
107 E
108 L
109 E
110 R
111 L
112 R
113 E
114 L
115 E
116 R
117 E
118 E
119 E
120 E
121 E
122 E
123 E
124 E
125 E
126 R
127 E
128 E
129 E
130 R
131 E
132 R
133 R
134 R
135 L
136 L
137 E
138 E
139 E
140 L
141 L
142 L
143 L
144 E
145 E
146 L
147 L
148 R
149 R
150 R
151 E
152 L
153 L
154 E
155 E
156 E
157 E
158 R
159 R
160 E
161 R
162 R
163 R
164 R
165 R
166 R
167 R
168 R
169 L
170 L
171 L
172 L
173 L
174 L
175 L
176 L
177 E
178 E
179 L
180 L
181 L
182 L
183 L
184 L
185 E
186 R
187 R
188 L
189 E
190 E
191 R
192 E
193 R
194 E
195 L
196 R
197 R
198 R
199 R
200 R
201 L
202 L
203 L
204 E
205 E
<precedence relations>
1,36
2,3
2,4
3,5
4,5
5,7
5,13
6,36
7,8
8,9
9,10
10,11
11,12
12,36
13,14
14,15
15,16
16,17
17,18
18,36
19,36
20,22
21,22
22,23
23,24
23,34
24,26
24,27
24,28
25,28
26,35
27,35
28,29
29,30
29,33
30,31
30,32
31,35
32,35
33,35
34,35
35,36
36,37
36,40
36,41
36,42
36,62
36,69
36,72
36,75
36,83
36,110
36,111
36,112
37,38
38,39
39,45
40,43
40,54
41,92
42,43
42,54
43,44
44,45
45,46
45,48
45,51
45,53
46,47
47,92
48,49
49,50
50,92
51,52
52,92
53,92
54,55
55,56
55,59
55,61
56,57
57,58
58,92
59,60
60,92
61,92
62,63
63,64
64,65
64,68
65,66
66,67
67,80
68,80
69,70
70,71
71,73
72,73
73,74
74,76
75,92
76,77
76,78
76,79
77,80
77,82
78,80
79,80
80,81
81,84
82,92
83,92
84,85
85,86
85,88
85,90
86,87
87,92
88,89
89,92
90,91
91,92
92,93
92,94
92,95
92,96
92,97
92,98
92,99
93,135
94,135
95,113
96,113
97,100
98,100
99,100
100,101
100,103
100,105
100,109
100,130
100,131
100,134
101,102
102,113
103,104
104,113
105,106
105,107
106,108
107,108
108,113
109,113
110,113
111,113
112,113
113,114
113,115
113,116
113,117
113,118
113,119
113,120
113,121
113,122
113,123
113,124
113,161
113,162
113,163
113,169
113,171
113,174
113,203
113,204
113,205
114,160
115,160
116,160
117,160
118,126
119,126
120,126
121,126
122,126
123,126
124,125
125,126
126,127
126,128
126,129
127,135
128,135
129,135
130,136
131,132
132,133
133,189
134,189
135,136
135,137
135,138
135,139
135,140
135,141
135,142
135,144
135,145
135,147
135,148
135,149
135,150
135,151
135,152
135,153
135,158
136,189
137,160
138,160
139,160
140,143
141,143
142,143
143,160
144,160
145,146
146,160
147,160
148,160
149,160
150,160
151,160
152,160
153,154
154,155
155,156
156,157
157,189
158,159
159,189
160,164
160,170
160,178
160,179
160,184
161,167
162,165
163,164
164,165
165,166
166,167
167,168
168,177
169,170
170,172
171,172
172,173
173,175
174,175
175,176
176,177
177,185
177,186
177,187
177,188
177,194
177,195
178,180
179,180
180,181
180,183
181,182
185,189
186,189
187,189
188,189
189,190
189,191
189,193
191,192
194,197
195,196
196,197
197,198
197,199
197,201
199,200
201,202
<end>