<number of tasks>
205
<number of mated-station>
12
<type of the robots>
24
<limit of the robots>
1 1
2 1
3 1
4 1
5 1
6 1
7 1
8 1
9 1
10 1
11 1
12 1
13 1
14 1
15 1
16 1
17 1
18 1
19 1
20 1
21 1
22 1
23 1
24 1
<task times>
1 556 724 715 727 773 811 794 648 759 586 672 564 781 611 689 588 761 826 611 653 581 734 824 564
2 35 35 40 45 49 50 40 41 45 48 41 50 41 43 38 42 37 50 48 43 41 36 47 49
3 215 284 249 304 226 229 210 231 228 254 301 229 217 288 266 257 216 264 236 233 294 278 299 308
4 310 280 218 296 287 290 219 301 304 225 211 312 281 309 234 297 259 269 233 220 225 296 249 249
5 127 158 172 134 139 175 136 152 168 156 157 162 183 163 142 137 172 174 161 154 169 182 143 134
6 108 84 82 96 93 79 105 104 72 72 102 82 80 88 90 103 100 92 90 102 103 75 106 93
7 59 48 44 53 44 57 56 48 62 49 45 50 48 46 58 52 51 56 63 46 52 57 63 43
8 78 56 69 73 63 74 58 54 76 75 78 57 55 59 54 67 70 80 73 79 68 57 79 73
9 26 31 29 31 31 32 32 29 31 35 33 28 26 28 26 35 32 31 31 33 30 26 33 26
10 119 90 118 110 112 102 99 101 121 98 100 113 91 125 114 120 123 93 85 118 90 123 112 88
11 32 26 33 31 38 33 38 35 36 37 26 34 26 26 27 34 33 28 35 27 32 26 38 30
12 61 74 64 66 62 60 72 53 74 52 56 66 66 65 56 67 61 66 58 61 70 52 56 66
13 44 56 60 62 47 63 53 59 44 55 52 50 65 61 56 47 51 57 62 46 62 51 55 54
14 65 79 55 56 55 67 58 57 71 63 80 60 55 75 76 56 56 54 57 55 57 65 68 78
15 34 26 29 25 25 25 34 24 27 32 29 27 25 35 25 35 35 36 25 24 34 25 33 30
16 101 90 118 111 85 102 109 111 98 85 108 101 93 92 97 88 90 85 108 106 114 105 106 121
17 33 37 34 27 30 31 30 32 27 26 38 26 37 27 37 26 31 26 31 34 29 32 36 27
18 57 72 55 50 65 66 59 62 68 62 56 63 68 71 59 72 66 56 53 50 57 70 56 74
19 63 47 58 61 58 51 46 61 66 55 61 49 63 48 46 54 60 54 45 57 59 54 60 58
20 63 70 58 71 79 64 60 57 61 75 72 68 74 67 60 59 55 56 64 69 54 72 75 61
21 102 78 82 99 82 90 91 83 83 103 81 73 94 94 70 74 101 80 88 73 80 71 88 70
22 33 31 33 40 39 35 34 35 36 40 38 36 33 33 39 36 40 36 41 35 31 33 42 34
23 41 43 42 36 47 42 43 37 37 45 48 44 43 43 37 47 47 43 46 36 36 34 41 38
24 78 75 62 81 69 67 61 67 67 81 85 67 64 65 69 73 63 77 83 58 61 59 59 62
25 91 77 89 85 69 77 100 84 92 77 81 89 91 94 91 90 77 100 87 93 75 77 88 87
26 19 17 17 13 15 16 18 16 15 19 18 19 19 15 16 17 13 14 15 17 15 16 16 16
27 56 54 61 42 53 44 60 45 47 58 59 55 43 44 50 53 42 44 51 47 45 41 45 44
28 60 72 54 71 61 78 53 69 57 73 76 70 66 74 75 75 70 71 66 74 55 58 74 77
29 38 34 35 48 48 35 38 41 39 39 39 48 43 39 42 46 48 38 35 41 34 36 34 49
30 71 69 82 85 77 75 58 58 73 78 83 65 74 85 62 61 66 77 70 75 65 73 83 74
31 42 49 59 45 59 55 60 47 45 47 46 49 42 58 46 57 49 49 56 50 56 56 49 44
32 15 17 16 18 14 16 13 19 17 17 18 15 13 19 15 13 15 14 18 15 14 16 16 15
33 16 17 17 16 15 14 12 14 14 15 16 13 16 16 14 13 14 17 13 12 14 15 15 13
34 15 13 18 13 14 14 13 17 13 13 15 12 17 17 15 14 17 18 18 17 12 13 13 16
35 96 74 80 77 71 94 90 81 90 81 85 96 69 84 69 95 85 77 72 90 86 72 71 91
36 51 58 67 60 51 47 63 54 64 59 49 63 70 64 50 55 53 54 60 58 63 59 51 48
37 27 22 22 22 25 24 22 22 23 26 24 22 19 20 24 24 19 26 19 19 26 18 21 21
38 12 12 10 11 15 15 15 15 13 14 14 15 11 12 12 13 14 13 12 14 15 15 15 11
39 21 20 23 19 19 19 20 16 17 18 20 18 17 19 21 20 22 19 16 19 23 20 18 18
40 97 96 87 116 108 111 120 89 92 128 112 119 110 100 87 108 87 94 92 95 91 106 107 114
41 216 207 195 212 237 188 256 217 213 186 216 214 191 252 208 200 172 197 188 240 194 212 213 194
42 91 87 81 82 65 71 77 93 69 85 90 70 69 81 81 66 85 76 85 95 75 67 71 87
43 43 43 32 34 43 44 35 36 37 43 40 37 34 31 37 37 34 44 32 44 31 43 33 31
44 78 81 100 70 96 76 77 89 68 91 68 97 70 78 84 77 76 78 90 69 97 82 77 85
45 15 22 16 17 20 16 17 21 18 19 21 20 17 15 15 17 21 19 15 14 16 19 16 21
46 13 11 13 13 10 14 11 13 14 11 12 10 12 10 10 10 11 11 12 12 14 14 12 12
47 31 24 25 26 25 24 25 32 28 32 27 28 25 25 30 34 24 32 25 32 27 34 25 34
48 41 32 43 31 43 32 34 32 33 35 43 33 38 39 32 35 31 44 31 38 40 40 43 31
49 13 12 11 15 14 11 15 16 14 14 12 13 11 14 11 13 12 14 15 14 12 13 11 11
50 69 83 59 81 72 74 64 76 63 60 70 58 59 67 83 81 58 80 67 74 77 64 62 57
51 206 224 254 208 251 199 242 216 246 218 223 248 185 226 234 191 237 251 178 204 249 212 193 203
52 78 59 61 61 79 78 73 69 69 70 69 73 83 86 60 63 75 65 84 82 68 71 70 72
53 71 72 84 78 100 89 78 81 71 76 85 92 69 91 97 82 83 73 90 93 97 77 87 87
54 40 45 37 47 38 43 43 46 40 48 35 51 49 38 36 45 50 51 50 50 50 46 48 43
55 80 114 86 114 91 115 104 93 104 107 111 93 92 108 99 80 101 90 102 86 89 98 113 79
56 41 35 44 32 42 31 36 44 39 35 33 40 33 31 34 37 36 32 38 35 32 33 38 30
57 11 11 11 13 10 15 11 14 16 12 13 11 13 13 15 13 13 12 14 11 11 14 14 13
58 31 40 38 31 38 35 32 38 30 37 30 37 35 31 31 29 40 40 36 28 41 33 41 29
59 202 218 194 206 183 257 234 211 256 252 257 215 260 246 203 247 244 213 230 201 253 205 207 243
60 81 83 81 84 72 78 59 58 85 77 69 85 61 62 71 81 85 72 70 64 70 76 64 62
61 96 81 76 89 72 81 98 87 70 77 81 101 84 98 92 89 98 92 75 80 78 81 81 93
62 27 23 20 20 24 24 25 28 29 26 24 28 21 26 20 29 22 23 26 28 30 26 26 26
63 42 32 38 30 36 32 41 32 41 33 41 32 36 44 35 40 33 40 40 38 42 32 40 39
64 30 32 34 41 38 32 42 43 33 32 30 40 34 43 44 30 36 34 42 37 43 38 35 34
65 119 90 103 121 83 113 110 89 121 92 121 119 114 99 105 116 102 119 105 93 115 103 92 111
66 135 154 142 118 162 147 149 139 138 165 161 153 114 150 127 137 153 152 121 141 115 120 133 157
67 40 44 55 41 50 40 54 54 52 45 42 44 44 50 42 59 51 40 49 46 43 50 56 48
68 36 32 39 40 31 29 30 31 41 34 39 36 37 37 36 37 40 40 29 34 36 34 36 36
69 59 43 58 51 49 45 47 60 58 43 55 53 46 43 52 52 45 60 47 52 51 43 61 57
70 91 80 100 86 87 79 71 81 96 94 85 78 72 81 77 76 105 85 92 95 79 90 78 91
71 51 56 61 60 56 44 51 44 49 44 57 54 56 50 59 56 53 54 50 44 44 58 46 47
72 121 144 173 134 161 165 139 163 133 152 129 147 161 146 164 125 159 168 166 155 146 144 172 129
73 324 270 291 394 309 334 335 273 274 283 377 397 353 377 284 294 346 398 385 340 280 390 314 380
74 90 101 120 112 89 105 86 112 119 110 110 93 127 89 121 103 93 90 126 97 122 96 91 102
75 372 348 421 345 432 415 337 318 408 399 315 305 352 352 350 433 399 375 411 412 353 379 444 363
76 86 79 113 110 103 107 78 105 91 94 87 109 109 78 85 88 112 87 114 84 80 103 116 98
77 139 197 195 180 161 149 174 161 134 146 159 152 159 163 198 173 189 159 181 165 151 163 179 186
78 97 93 86 74 83 106 108 79 78 81 102 82 104 102 105 80 101 80 75 107 78 84 76 105
79 76 83 92 93 105 99 83 80 74 91 78 85 92 105 108 89 89 85 104 81 103 91 86 98
80 106 87 97 93 113 92 124 93 85 85 127 117 109 86 121 125 92 87 117 119 92 115 93 111
81 54 44 47 46 41 55 46 52 57 59 42 43 45 49 45 42 40 57 59 44 43 44 45 40
82 106 103 83 93 82 108 110 99 82 101 101 102 109 79 98 102 80 87 83 106 88 94 81 100
83 422 318 335 344 327 398 352 431 430 305 415 434 437 310 345 384 435 429 350 425 394 315 324 409
84 103 80 96 70 99 76 98 103 84 75 103 76 72 81 71 90 99 97 75 75 89 70 85 104
85 167 158 133 139 148 176 146 153 175 140 158 138 184 161 132 173 133 156 182 161 174 137 193 184
86 99 114 103 92 106 111 79 106 80 97 103 100 83 84 79 99 83 104 78 78 84 96 78 82
87 85 80 68 85 64 78 69 90 80 68 86 78 73 64 69 85 67 79 90 66 65 87 87 92
88 79 113 110 108 105 106 87 103 95 106 78 101 93 97 81 96 87 112 91 112 96 114 113 114
89 37 36 35 38 50 38 46 37 43 48 45 37 36 38 45 35 50 36 44 48 45 49 38 38
90 80 100 105 100 90 98 94 87 94 77 72 93 74 88 93 104 73 83 74 96 81 93 80 84
91 95 87 82 81 83 101 90 81 86 78 85 90 76 85 104 90 97 108 95 104 103 72 95 97
92 110 106 111 81 100 95 91 98 95 84 112 100 97 78 112 99 91 86 102 98 85 90 104 80
93 313 297 279 260 304 298 280 261 229 251 234 297 270 312 227 240 274 270 226 236 275 316 302 221
94 363 513 540 445 518 377 379 538 496 439 364 424 365 520 428 393 366 500 414 521 522 365 504 530
95 49 52 43 49 39 50 55 42 50 47 52 55 47 50 50 53 54 46 39 43 51 53 46 47
96 333 305 380 335 321 326 290 388 393 334 378 312 359 350 365 276 393 299 368 327 368 279 386 398
97 37 32 33 30 30 41 40 34 33 38 40 27 35 37 33 27 34 31 31 36 36 38 36 38
98 77 68 54 61 63 68 69 66 72 60 68 56 57 76 72 77 69 54 58 57 53 61 54 76
99 52 45 56 52 44 44 53 44 48 44 58 53 51 42 43 44 58 44 46 47 56 46 50 42
100 92 119 121 126 93 134 95 101 114 120 96 117 91 92 129 121 95 130 116 132 124 100 117 119
101 56 50 41 54 56 51 56 41 45 46 43 40 42 47 47 55 40 44 42 50 53 42 50 51
102 132 126 96 105 119 107 137 96 113 101 101 135 105 132 139 136 130 128 101 127 112 111 110 101
103 41 47 49 51 54 42 47 60 54 57 44 49 55 52 41 53 54 53 50 42 50 54 59 40
104 64 80 65 72 58 76 58 62 65 67 80 67 78 55 80 64 68 55 62 71 68 71 74 58
105 248 218 200 232 224 211 190 188 211 264 261 248 203 264 189 220 192 252 242 268 275 205 253 242
106 130 108 128 133 109 113 137 110 107 120 120 128 109 107 111 137 130 114 102 110 131 114 122 141
107 126 137 122 165 123 140 148 162 145 132 136 136 150 169 147 131 174 122 165 168 154 123 133 149
108 27 33 35 29 36 32 27 31 25 30 32 35 34 36 30 35 35 31 25 29 28 32 25 27
109 111 96 89 104 111 103 94 93 104 97 113 116 86 78 101 88 84 78 108 92 97 90 106 100
110 272 341 266 298 329 250 304 340 274 285 296 336 249 306 272 268 296 263 337 362 268 291 280 254
111 137 98 107 137 95 120 96 118 126 128 95 126 100 105 138 126 127 129 109 128 118 129 109 136
112 305 356 333 305 272 337 307 340 269 315 366 287 267 312 315 250 363 325 331 293 258 302 315 279
113 29 34 35 31 35 29 37 35 35 37 28 36 33 29 32 37 33 38 27 31 37 36 34 39
114 113 123 141 107 129 127 142 135 126 124 151 135 111 138 133 130 139 119 130 149 107 123 118 104
115 49 46 54 45 47 53 49 45 65 45 58 51 55 51 43 52 59 60 57 48 62 53 49 56
116 190 159 194 148 165 152 167 199 180 204 197 167 149 188 166 149 153 159 208 183 174 147 185 167
117 63 63 58 52 46 46 56 52 47 55 46 52 61 48 55 63 58 51 47 59 54 54 58 63
118 298 265 261 345 250 292 266 339 283 287 358 264 246 255 307 256 287 289 341 320 362 360 334 295
119 63 55 58 54 49 49 53 47 50 48 57 70 53 68 61 65 58 51 63 65 67 55 51 54
120 55 51 60 64 53 66 64 63 63 69 53 48 54 68 56 61 65 58 70 49 67 49 67 66
121 63 63 69 59 78 55 54 62 60 69 53 55 65 66 61 70 55 63 78 73 69 59 76 75
122 56 62 61 55 67 54 68 79 63 62 66 65 73 76 79 66 66 76 70 71 65 62 62 55
123 21 21 20 27 19 23 27 21 26 26 20 24 27 23 23 20 26 20 22 19 26 20 25 24
124 236 203 239 229 268 209 234 207 284 238 205 259 262 266 250 242 259 198 231 261 251 229 216 280
125 48 46 58 53 59 45 55 45 43 56 44 44 57 56 57 55 51 58 45 43 58 55 50 45
126 319 300 264 299 250 320 352 291 349 310 308 317 280 317 331 313 280 252 303 298 237 298 243 311
127 83 81 71 92 85 93 75 77 88 85 80 90 82 97 78 69 97 72 78 82 70 81 82 74
128 72 66 50 52 62 69 63 67 62 52 66 56 53 65 67 67 65 71 62 55 60 63 67 60
129 52 56 61 60 68 47 52 61 47 56 63 66 67 59 58 63 48 60 54 64 62 48 56 53
130 44 44 38 42 31 39 31 45 41 31 43 35 33 40 40 42 40 33 35 44 36 40 37 34
131 948 1131 834 967 900 827 830 973 1063 855 1013 1132 799 808 967 902 771 892 1056 1067 877 765 1070 1043
132 426 413 562 565 563 514 600 603 594 503 431 582 598 609 596 478 441 528 464 452 440 459 540 443
133 730 724 740 713 695 706 608 680 591 645 697 747 525 575 532 682 588 625 729 674 700 601 552 704
134 521 399 446 390 521 367 525 520 422 362 438 393 502 485 488 534 384 440 371 458 446 367 441 484
135 61 81 56 72 67 58 65 76 57 66 56 82 62 79 61 68 81 75 71 58 58 69 76 70
136 53 53 49 55 54 54 46 56 49 59 55 49 43 61 47 46 53 59 46 46 45 54 58 57
137 47 44 43 51 39 50 58 45 45 47 44 52 43 44 41 57 51 43 46 41 39 51 42 51
138 96 77 84 74 109 102 106 82 76 105 95 100 82 83 109 77 105 105 109 78 78 85 79 89
139 272 194 208 234 205 222 203 283 238 240 204 214 237 239 201 209 260 210 203 276 219 215 277 198
140 139 115 123 105 127 93 139 125 126 126 121 124 135 97 93 134 108 102 94 138 119 111 126 97
141 246 266 311 246 311 266 318 269 258 261 241 296 250 289 288 220 224 262 244 300 237 294 259 259
142 159 124 168 160 138 178 143 137 143 152 164 156 136 134 144 127 135 147 142 161 125 129 137 124
143 73 72 88 78 83 86 83 76 60 77 62 83 59 60 89 77 69 86 66 66 67 82 63 81
144 382 359 309 295 358 332 375 362 282 301 317 324 309 271 268 306 361 293 373 395 307 347 349 304
145 359 267 331 386 327 365 271 338 365 264 313 291 332 263 315 289 347 330 361 335 271 354 360 374
146 105 123 110 98 89 102 111 103 123 91 122 117 110 93 101 89 123 96 90 96 87 124 106 89
147 52 52 58 60 46 48 43 55 48 55 43 47 57 58 61 57 41 43 60 50 52 49 51 54
148 53 50 57 60 68 52 49 50 64 58 62 54 55 47 69 66 63 67 53 51 52 62 50 47
149 71 68 66 58 67 73 57 62 62 61 67 70 58 72 61 54 66 75 76 58 67 59 72 80
150 51 59 46 39 48 42 51 45 47 39 44 58 56 52 45 46 50 42 52 51 45 54 58 41
151 91 99 86 121 96 126 118 104 90 89 88 112 91 115 103 92 114 96 121 87 98 97 92 127
152 44 45 34 37 38 44 40 45 32 44 32 33 38 33 35 44 44 31 42 37 37 41 37 40
153 27 29 29 27 31 31 24 28 26 29 27 31 29 30 29 32 28 24 22 29 23 23 22 22
154 76 68 77 80 80 63 67 54 61 69 78 63 70 72 56 67 61 64 62 58 73 61 67 60
155 235 193 216 203 222 208 197 223 187 203 176 169 240 205 245 196 171 211 170 238 176 211 228 229
156 195 235 182 217 237 240 200 239 164 184 182 241 208 233 175 189 176 203 190 200 201 222 219 218
157 94 85 88 85 69 76 80 83 81 66 87 68 96 99 72 87 94 73 69 99 85 89 96 86
158 33 28 29 40 40 34 28 37 38 37 32 39 32 29 34 37 36 30 36 32 31 34 38 38
159 52 48 69 56 48 48 66 66 48 66 64 63 48 60 50 54 57 57 63 48 69 56 65 66
160 36 42 35 43 36 34 43 45 41 42 45 42 50 39 40 38 36 40 34 43 36 42 49 45
161 73 64 59 57 70 59 65 68 69 64 64 58 74 58 60 56 76 63 75 55 58 71 79 61
162 66 66 77 71 69 60 58 77 65 65 70 60 56 77 57 75 75 76 66 78 65 59 62 80
163 79 72 58 58 57 77 62 58 81 55 63 61 75 67 76 70 57 78 72 73 80 77 78 60
164 89 123 115 94 89 116 100 103 113 113 116 91 92 98 113 119 84 85 96 116 122 93 95 103
165 85 120 97 84 108 106 121 85 103 102 109 93 119 94 118 120 96 83 99 101 103 104 103 94
166 123 86 94 95 120 107 107 86 93 92 106 91 101 117 98 91 123 115 101 100 109 116 101 101
167 96 86 103 96 121 103 90 109 104 83 91 102 99 111 99 95 114 114 107 97 94 99 108 123
168 89 95 114 90 89 112 85 99 94 97 86 91 122 90 112 107 110 84 101 84 101 104 111 110
169 72 72 56 76 81 69 57 61 80 74 65 78 59 76 64 70 81 78 68 73 78 76 79 77
170 115 87 101 88 113 114 86 94 102 98 116 83 108 115 88 106 90 84 95 83 116 90 91 120
171 75 57 72 69 70 78 61 62 82 70 79 79 69 65 59 55 59 69 74 82 75 67 55 63
172 83 93 92 102 123 118 90 105 119 85 112 105 100 91 94 95 95 100 122 83 83 84 120 101
173 112 84 88 115 87 121 84 84 96 86 111 118 94 100 105 123 89 107 104 83 89 90 119 99
174 68 61 70 81 56 58 60 80 68 56 73 78 69 56 64 81 70 58 61 59 75 78 61 78
175 95 89 83 99 83 116 90 93 91 89 98 96 88 113 110 92 118 113 87 105 89 101 119 91
176 110 98 95 87 87 121 86 89 115 84 116 97 91 108 99 117 95 84 96 119 90 110 114 106
177 10 8 9 8 11 11 9 12 10 8 9 12 11 11 10 8 10 8 10 9 9 10 8 11
178 158 181 151 187 187 197 193 150 211 210 224 171 183 218 167 176 206 188 177 182 157 157 215 151
179 144 118 112 158 114 139 120 108 157 147 157 146 136 108 116 135 144 114 124 134 143 157 160 124
180 96 98 100 73 102 92 80 98 103 72 100 100 95 76 103 94 91 92 88 104 101 99 101 101
181 69 61 56 57 58 56 47 61 57 57 60 65 48 50 53 52 55 67 67 67 61 59 49 65
182 42 51 45 57 53 41 46 53 45 49 58 56 43 42 52 45 55 54 41 43 42 41 50 49
183 134 132 111 115 158 154 157 134 149 148 143 141 117 113 148 157 143 158 128 111 142 155 141 147
184 53 54 43 54 46 63 50 47 44 60 50 55 61 44 60 48 61 54 53 59 51 61 61 54
185 338 287 317 308 348 380 396 378 351 295 275 296 330 351 338 394 387 316 380 382 304 310 270 271
186 20 21 23 23 25 26 20 28 22 22 26 28 24 23 19 20 25 25 22 19 25 26 20 26
187 88 77 87 82 86 71 84 80 80 74 68 76 77 62 69 77 81 71 74 68 78 72 78 63
188 88 72 72 87 66 83 75 80 88 62 69 89 74 86 84 70 80 86 86 69 91 69 68 71
189 216 225 206 161 200 197 176 220 188 196 204 209 167 156 229 167 174 155 226 222 188 156 208 214
190 93 110 98 111 93 80 90 99 111 86 80 112 101 84 93 117 95 79 80 92 112 101 95 87
191 220 272 222 305 274 211 295 254 288 248 281 271 269 300 243 301 268 301 254 308 254 287 256 283
192 142 186 171 133 137 197 182 159 166 159 141 134 189 165 146 182 188 165 142 168 178 155 176 174
193 41 33 43 41 44 43 41 46 32 31 45 43 45 45 38 31 42 34 38 32 44 35 43 42
194 123 118 138 126 104 126 117 92 95 103 125 128 124 113 105 137 95 106 115 130 96 125 133 119
195 88 72 81 70 69 77 70 68 91 69 70 79 86 79 86 95 72 76 72 92 80 91 82 88
196 53 48 65 61 48 46 61 65 66 52 66 65 50 46 55 48 63 66 51 48 47 50 64 59
197 28 31 31 25 29 26 24 32 26 31 31 34 28 34 25 32 24 28 29 33 34 34 34 26
198 345 266 276 306 263 319 282 306 308 335 315 342 290 302 261 307 280 351 257 296 347 317 307 286
199 16 15 20 16 17 20 16 18 15 17 21 21 15 20 19 20 20 21 19 21 20 16 19 15
200 26 28 29 27 35 31 24 23 24 25 33 25 32 31 25 31 24 32 28 27 30 27 34 26
201 143 181 130 175 145 132 142 149 156 123 179 141 166 164 179 178 157 150 158 126 176 174 174 135
202 76 83 86 86 74 83 98 87 91 79 81 104 97 88 97 74 77 89 91 92 97 104 98 84
203 105 111 91 101 80 105 96 92 108 84 88 79 92 93 96 102 96 101 93 88 78 96 96 93
204 104 81 106 95 104 88 106 76 84 105 89 77 81 99 109 83 76 105 104 85 86 93 93 82
205 141 133 171 136 138 180 172 177 150 153 191 133 189 162 132 144 183 178 197 168 182 154 182 161
<task directions>
1 E
2 E
3 R
4 L
5 E
6 E
7 R
8 R
9 R
10 R
11 R
12 R
13 L
14 L
15 L
16 L
17 L
18 L
19 E
20 E
21 E
22 E
23 E
24 E
25 R
26 L
27 R
28 R
29 R
30 R
31 R
32 R
33 R
34 L
35 E
36 E
37 L
38 L
39 L
40 E
41 E
42 E
43 L
44 L
45 L
46 L
47 L
48 L
49 L
50 L
51 L
52 L
53 L
54 R
55 R
56 R
57 R
58 R
59 R
60 R
61 R
62 E
63 E
64 E
65 E
66 E
67 E
68 E
69 E
70 E
71 E
72 E
73 E
74 E
75 E
76 E
77 E
78 L
79 R
80 E
81 E
82 E
83 E
84 E
85 E
86 E
87 E
88 E
89 E
90 R
91 R
92 R
93 R
94 E
95 R
96 E
97 E
98 E
99 E
100 E
101 E
102 E
103 E
104 R
105 L
106 L
107 E
108 L
109 E
110 R
111 L
112 R
113 E
114 L
115 E
116 R
117 E
118 E
119 E
120 E
121 E
122 E
123 E
124 E
125 E
126 R
127 E
128 E
129 E
130 R
131 E
132 R
133 R
134 R
135 L
136 L
137 E
138 E
139 E
140 L
141 L
142 L
143 L
144 E
145 E
146 L
147 L
148 R
149 R
150 R
151 E
152 L
153 L
154 E
155 E
156 E
157 E
158 R
159 R
160 E
161 R
162 R
163 R
164 R
165 R
166 R
167 R
168 R
169 L
170 L
171 L
172 L
173 L
174 L
175 L
176 L
177 E
178 E
179 L
180 L
181 L
182 L
183 L
184 L
185 E
186 R
187 R
188 L
189 E
190 E
191 R
192 E
193 R
194 E
195 L
196 R
197 R
198 R
199 R
200 R
201 L
202 L
203 L
204 E
205 E
<precedence relations>
1,36
2,3
2,4
3,5
4,5
5,7
5,13
6,36
7,8
8,9
9,10
10,11
11,12
12,36
13,14
14,15
15,16
16,17
17,18
18,36
19,36
20,22
21,22
22,23
23,24
23,34
24,26
24,27
24,28
25,28
26,35
27,35
28,29
29,30
29,33
30,31
30,32
31,35
32,35
33,35
34,35
35,36
36,37
36,40
36,41
36,42
36,62
36,69
36,72
36,75
36,83
36,110
36,111
36,112
37,38
38,39
39,45
40,43
40,54
41,92
42,43
42,54
43,44
44,45
45,46
45,48
45,51
45,53
46,47
47,92
48,49
49,50
50,92
51,52
52,92
53,92
54,55
55,56
55,59
55,61
56,57
57,58
58,92
59,60
60,92
61,92
62,63
63,64
64,65
64,68
65,66
66,67
67,80
68,80
69,70
70,71
71,73
72,73
73,74
74,76
75,92
76,77
76,78
76,79
77,80
77,82
78,80
79,80
80,81
81,84
82,92
83,92
84,85
85,86
85,88
85,90
86,87
87,92
88,89
89,92
90,91
91,92
92,93
92,94
92,95
92,96
92,97
92,98
92,99
93,135
94,135
95,113
96,113
97,100
98,100
99,100
100,101
100,103
100,105
100,109
100,130
100,131
100,134
101,102
102,113
103,104
104,113
105,106
105,107
106,108
107,108
108,113
109,113
110,113
111,113
112,113
113,114
113,115
113,116
113,117
113,118
113,119
113,120
113,121
113,122
113,123
113,124
113,161
113,162
113,163
113,169
113,171
113,174
113,203
113,204
113,205
114,160
115,160
116,160
117,160
118,126
119,126
120,126
121,126
122,126
123,126
124,125
125,126
126,127
126,128
126,129
127,135
128,135
129,135
130,136
131,132
132,133
133,189
134,189
135,136
135,137
135,138
135,139
135,140
135,141
135,142
135,144
135,145
135,147
135,148
135,149
135,150
135,151
135,152
135,153
135,158
136,189
137,160
138,160
139,160
140,143
141,143
142,143
143,160
144,160
145,146
146,160
147,160
148,160
149,160
150,160
151,160
152,160
153,154
154,155
155,156
156,157
157,189
158,159
159,189
160,164
160,170
160,178
160,179
160,184
161,167
162,165
163,164
164,165
165,166
166,167
167,168
168,177
169,170
170,172
171,172
172,173
173,175
174,175
175,176
176,177
177,185
177,186
177,187
177,188
177,194
177,195
178,180
179,180
180,181
180,183
181,182
185,189
186,189
187,189
188,189
189,190
189,191
189,193
191,192
194,197
195,196
196,197
197,198
197,199
197,201
199,200
201,202
<end>