<number of tasks>
65
<number of mated-station>
6
<type of the robots>
12
<limit of the robots>
1 1
2 1
3 1
4 1
5 1
6 1
7 1
8 1
9 1
10 1
11 1
12 1
<task times>
1 39 51 51 51 55 57 56 46 54 41 48 40
2 55 43 49 42 54 59 43 46 41 52 58 40
3 59 60 67 76 83 84 67 69 76 82 70 85
4 25 27 23 26 23 31 29 27 25 23 29 30
5 35 46 40 49 36 37 34 37 37 41 48 37
6 25 33 31 30 25 30 27 27 34 32 34 35
7 199 179 140 190 184 185 140 193 194 144 135 200
8 98 108 82 104 90 94 81 77 78 103 87 87
9 42 52 57 44 46 58 45 50 56 52 52 54
10 179 159 138 134 167 169 157 150 165 177 139 130
11 82 63 62 72 70 60 79 79 55 55 77 62
12 46 51 52 59 58 53 52 59 60 43 61 54
13 148 120 111 132 111 143 141 121 155 122 114 124
14 48 46 58 52 51 56 63 46 52 57 63 43
15 66 48 59 62 53 63 49 46 65 64 67 48
16 125 132 122 151 157 180 165 178 153 128 177 164
17 34 41 38 41 40 41 42 37 40 45 43 37
18 167 179 165 224 209 200 198 214 191 167 213 169
19 39 30 39 36 37 34 33 33 40 32 33 37
20 102 140 128 134 138 105 95 133 101 138 125 99
21 34 28 35 33 41 35 40 37 38 39 28 36
22 31 31 32 40 39 34 41 32 38 31 45 36
23 103 125 107 111 104 101 120 88 124 87 94 111
24 89 88 76 91 83 90 79 82 95 71 76 89
25 92 116 125 129 97 133 111 124 92 115 110 104
26 86 82 75 63 68 76 82 62 82 68 73 72
27 60 73 50 52 51 62 54 53 65 59 74 55
28 223 305 307 229 225 220 231 225 230 265 275 318
29 101 77 87 74 74 74 100 72 79 96 88 80
30 41 58 41 57 57 59 42 40 55 40 55 50
31 10 9 12 12 9 11 11 11 10 9 11 10
32 39 39 41 37 38 36 46 45 49 45 45 51
33 55 63 57 45 50 53 50 53 45 44 64 44
34 122 88 122 87 104 88 103 113 97 106 118 90
35 122 153 116 107 139 140 126 131 146 132 120 134
36 57 59 49 60 56 47 44 42 48 59 47 62
37 176 131 163 172 161 144 129 170 184 153 171 136
38 123 93 89 106 117 105 87 110 115 106 116 112
39 30 33 28 34 38 30 29 27 29 36 35 32
40 35 32 29 28 26 27 31 33 26 34 36 29
41 62 47 50 60 50 54 55 50 50 62 49 44
42 210 212 157 166 227 179 197 165 179 159 197 157
43 31 28 31 37 35 32 31 32 33 37 35 33
44 30 30 36 33 37 33 37 33 28 31 39 31
45 98 101 100 85 110 100 102 88 88 106 114 105
46 39 39 33 42 42 39 41 32 33 31 37 35
47 27 26 21 28 24 23 21 23 23 28 30 23
48 79 80 86 90 78 95 103 72 75 72 73 76
49 29 24 28 27 22 24 31 26 29 24 26 28
50 53 55 53 52 45 58 50 54 43 45 51 51
51 54 48 49 38 44 45 52 45 44 55 52 54
52 55 43 47 49 38 40 44 48 44 46 47 45
53 60 58 65 46 57 48 65 49 50 63 64 60
54 99 102 115 123 98 102 118 110 105 95 104 102
55 42 51 38 50 43 56 38 49 41 52 54 50
56 164 183 186 186 175 176 165 185 137 144 184 190
57 105 92 96 134 133 97 105 113 108 108 108 131
58 72 66 70 78 82 63 59 70 57 60 57 83
59 29 29 34 35 32 31 24 24 30 32 34 27
60 26 30 22 21 23 27 24 26 23 25 29 26
61 87 101 123 94 123 113 125 98 93 98 95 101
62 19 26 21 26 22 22 25 23 25 25 22 20
63 113 126 115 133 101 118 98 141 128 124 133 112
64 129 184 149 129 142 131 173 141 133 151 153 141
65 68 75 75 71 65 62 52 62 61 66 71 56
<task directions>
1 E
2 E
3 E
4 E
5 E
6 E
7 R
8 R
9 L
10 L
11 E
12 E
13 E
14 E
15 E
16 L
17 L
18 R
19 R
20 E
21 E
22 E
23 E
24 E
25 L
26 R
27 R
28 R
29 L
30 L
31 E
32 E
33 E
34 E
35 R
36 E
37 E
38 E
39 L
40 R
41 E
42 E
43 E
44 R
45 L
46 E
47 L
48 L
49 E
50 E
51 R
52 E
53 L
54 E
55 R
56 E
57 E
58 L
59 R
60 E
61 R
62 E
63 L
64 L
65 E
<precedence relations>
1,3
2,3
3,4
3,23
4,5
4,6
4,7
4,9
4,11
4,12
4,25
4,26
4,27
4,41
4,45
4,49
5,14
6,14
7,8
8,14
9,10
10,14
11,14
12,14
13,14
14,15
14,18
14,20
14,22
15,16
16,17
17,31
18,19
19,21
20,21
21,31
22,31
23,24
24,31
25,31
26,31
27,28
28,50
29,50
30,50
31,32
31,36
31,51
31,52
31,53
31,54
31,55
31,56
31,58
31,59
31,60
31,61
31,62
32,33
33,34
34,35
35,50
36,37
37,38
38,39
38,40
39,50
40,50
41,42
42,43
43,62
44,46
45,46
46,47
47,48
48,50
49,50
51,65
52,65
53,65
54,65
55,65
56,57
57,65
58,65
59,65
60,65
61,65
62,63
63,64
64,65
<end>