<number of tasks>
65
<number of mated-station>
5
<type of the robots>
10
<limit of the robots>
1 1
2 1
3 1
4 1
5 1
6 1
7 1
8 1
9 1
10 1
<task times>
1 39 51 51 51 55 57 56 46 54 41
2 48 40 55 43 49 42 54 59 43 46
3 60 75 85 58 59 60 67 76 83 84
4 25 25 28 30 26 31 25 27 23 26
5 37 50 48 43 41 36 47 49 35 46
6 29 35 26 26 24 27 26 29 35 26
7 139 184 170 164 138 169 151 149 188 178
8 104 107 108 98 76 103 100 101 76 105
9 60 45 42 62 56 62 47 59 52 54
10 137 129 132 173 146 146 124 154 167 131
11 60 76 59 66 73 68 68 70 79 71
12 47 45 57 58 53 51 56 60 47 44
13 162 125 124 144 140 118 157 156 108 109
14 61 49 48 53 54 62 60 55 54 61
15 65 47 67 59 62 51 47 56 47 60
16 157 135 174 136 127 138 134 130 163 146
17 37 40 45 33 37 41 45 31 45 33
18 200 210 182 214 167 156 220 217 226 165
19 29 31 28 35 36 42 38 41 35 30
20 140 130 103 125 117 124 123 126 129 113
21 35 39 37 32 29 31 29 39 37 35
22 39 42 37 33 42 33 43 32 42 39
23 109 100 97 99 119 96 98 110 89 123
24 91 95 97 74 67 94 71 98 89 70
25 113 92 115 109 135 115 134 123 126 130
26 59 77 60 58 60 77 75 64 78 61
27 61 50 73 58 61 74 64 66 62 60
28 314 231 323 228 247 291 288 286 245 296
29 88 95 84 87 100 75 80 94 73 92
30 54 56 42 58 48 54 40 50 48 45
31 13 12 11 10 10 12 13 9 13 10
32 46 45 44 53 37 38 37 45 39 38
33 57 51 64 48 44 60 61 45 45 44
34 90 88 90 103 107 124 120 92 104 88
35 110 110 148 106 118 143 130 118 110 155
36 43 60 61 62 44 42 58 43 58 53
37 150 133 175 164 126 152 162 164 145 126
38 111 104 95 94 100 91 92 87 111 109
39 35 32 32 36 33 37 34 27 30 31
40 30 32 27 26 38 26 37 27 37 26
41 51 43 51 55 48 52 58 44 48 60
42 170 156 203 205 184 192 213 192 175 196
43 37 39 32 39 36 31 29 28 31 38
44 31 40 38 28 35 37 35 31 28 37
45 114 95 106 84 109 83 79 94 104 93
46 30 37 39 36 39 38 35 39 32 39
47 30 24 23 21 23 28 27 25 28 25
48 80 78 73 74 85 91 72 96 99 81
49 32 25 26 31 26 28 29 26 26 32
50 47 43 55 55 41 43 59 46 51 43
51 43 38 47 37 42 38 41 50 48 44
52 42 44 45 50 47 45 41 41 49 45
53 60 53 60 53 46 50 63 51 55 57
54 122 103 134 122 124 107 108 128 139 128
55 49 49 42 54 54 50 52 41 42 39
56 165 153 177 172 140 184 158 153 140 153
57 106 127 134 106 101 102 109 114 99 121
58 80 55 58 56 57 59 73 62 71 68
59 24 27 35 29 32 27 28 31 32 33
60 27 26 22 29 25 27 22 22 26 25
61 125 111 114 87 100 104 119 105 102 127
62 26 27 27 22 24 25 19 20 22 24
63 113 118 120 115 129 124 140 98 123 102
64 184 137 142 178 180 169 131 135 151 162
65 54 56 65 61 58 52 57 56 59 71
<task directions>
1 E
2 E
3 E
4 E
5 E
6 E
7 R
8 R
9 L
10 L
11 E
12 E
13 E
14 E
15 E
16 L
17 L
18 R
19 R
20 E
21 E
22 E
23 E
24 E
25 L
26 R
27 R
28 R
29 L
30 L
31 E
32 E
33 E
34 E
35 R
36 E
37 E
38 E
39 L
40 R
41 E
42 E
43 E
44 R
45 L
46 E
47 L
48 L
49 E
50 E
51 R
52 E
53 L
54 E
55 R
56 E
57 E
58 L
59 R
60 E
61 R
62 E
63 L
64 L
65 E
<precedence relations>
1,3
2,3
3,4
3,23
4,5
4,6
4,7
4,9
4,11
4,12
4,25
4,26
4,27
4,41
4,45
4,49
5,14
6,14
7,8
8,14
9,10
10,14
11,14
12,14
13,14
14,15
14,18
14,20
14,22
15,16
16,17
17,31
18,19
19,21
20,21
21,31
22,31
23,24
24,31
25,31
26,31
27,28
28,50
29,50
30,50
31,32
31,36
31,51
31,52
31,53
31,54
31,55
31,56
31,58
31,59
31,60
31,61
31,62
32,33
33,34
34,35
35,50
36,37
37,38
38,39
38,40
39,50
40,50
41,42
42,43
43,62
44,46
45,46
46,47
47,48
48,50
49,50
51,65
52,65
53,65
54,65
55,65
56,57
57,65
58,65
59,65
60,65
61,65
62,63
63,64
64,65
<end>