<number of tasks>
65
<number of mated-station>
7
<type of the robots>
14
<limit of the robots>
1 1
2 1
3 1
4 1
5 1
6 1
7 1
8 1
9 1
10 1
11 1
12 1
13 1
14 1
<task times>
1 39 51 51 51 55 57 56 46 54 41 48 40 55 43
2 49 42 54 59 43 46 41 52 58 40 41 41 46 53
3 83 84 67 69 76 82 70 85 69 73 64 70 62 84
4 29 27 25 23 29 30 21 28 25 30 23 23 21 23
5 37 41 48 37 35 46 43 41 35 42 38 38 47 45
6 34 35 36 32 25 34 33 33 25 35 35 26 24 36
7 180 198 150 190 166 172 149 141 144 189 159 159 136 168
8 99 78 80 101 79 88 97 90 91 94 106 95 82 80
9 57 58 53 51 56 60 47 44 62 48 48 55 54 46
10 178 177 123 123 174 140 137 149 152 175 170 156 153 173
11 78 56 80 71 74 61 56 66 56 72 71 61 78 61
12 44 48 46 45 56 50 49 54 60 44 50 55 60 42
13 157 113 139 146 127 149 116 108 153 151 158 115 112 118
14 43 54 56 64 59 64 55 46 63 59 47 57 53 56
15 59 61 62 54 59 66 62 54 49 53 49 66 62 59
16 154 166 149 130 166 131 169 128 168 156 159 145 141 143
17 45 36 37 41 33 46 42 44 45 34 31 44 33 45
18 204 161 195 159 198 187 232 198 229 211 216 223 159 206
19 29 28 29 37 36 31 38 30 35 28 41 33 35 42
20 123 127 119 115 138 101 142 100 108 127 126 125 107 129
21 34 36 32 33 38 29 31 36 28 35 38 39 29 40
22 37 42 31 39 37 35 46 43 39 33 36 40 43 32
23 119 99 106 105 101 122 85 88 86 104 90 89 110 98
24 100 75 69 94 95 71 70 68 71 70 71 82 85 98
25 128 98 111 93 94 94 126 91 101 122 111 101 94 133
26 60 83 84 86 61 59 81 59 80 73 69 61 80 75
27 50 60 64 65 57 50 63 59 54 54 57 52 53 50
28 277 272 293 269 271 310 277 316 285 229 253 267 254 269
29 75 73 105 72 102 74 103 73 87 74 87 95 82 89
30 54 42 45 57 43 40 52 52 47 49 54 49 44 50
31 12 13 10 13 12 10 9 9 10 12 10 13 12 9
32 47 49 46 41 37 49 53 44 49 39 51 38 37 44
33 58 52 43 55 57 52 58 56 51 57 47 57 64 51
34 96 90 97 118 114 107 117 105 96 93 87 88 102 108
35 106 142 147 120 157 120 126 152 126 138 140 127 127 157
36 49 44 57 57 42 45 61 48 53 44 48 43 53 42
37 142 131 141 169 163 150 144 149 154 172 160 153 140 139
38 116 107 119 106 119 104 91 98 125 100 110 114 112 95
39 36 33 34 29 29 35 38 35 33 33 29 36 36 34
40 36 28 28 27 32 30 35 34 27 36 31 30 27 30
41 49 59 62 49 46 47 50 53 45 56 60 42 44 42
42 159 165 204 172 199 190 155 173 224 188 206 173 183 200
43 36 37 36 36 30 40 34 37 29 30 35 34 40 36
44 37 28 32 33 38 34 33 41 38 40 40 32 35 36
45 79 85 93 102 93 97 99 94 106 102 115 81 101 84
46 44 33 34 42 43 40 31 32 36 39 31 32 37 34
47 22 20 22 22 23 27 20 27 23 30 20 26 22 28
48 102 94 89 99 101 101 95 96 89 100 74 78 100 103
49 25 22 23 32 32 23 25 27 26 26 26 31 28 26
50 51 56 59 46 43 50 41 43 41 60 49 48 57 59
51 49 48 37 37 46 50 53 41 47 54 40 39 42 49
52 45 48 41 47 53 47 38 44 53 41 53 49 54 42
53 48 51 49 52 46 63 50 62 53 53 60 54 60 61
54 113 103 113 126 115 133 101 118 98 141 128 124 133 112
55 39 56 45 39 43 40 52 43 40 46 47 43 49 54
56 190 180 164 157 132 157 153 165 179 142 171 172 148 142
57 108 128 97 91 104 110 112 100 115 98 135 100 107 109
58 60 76 59 61 69 57 77 76 68 66 77 81 82 78
59 25 26 27 33 34 26 28 27 25 33 32 28 32 29
60 25 28 20 25 20 28 25 23 21 27 25 21 21 27
61 91 104 121 107 91 85 114 97 115 106 88 113 127 115
62 20 22 21 21 24 23 24 23 20 19 27 22 22 22
63 129 122 111 112 118 133 121 112 98 102 122 121 96 131
64 129 127 172 124 143 141 144 137 125 126 176 175 184 181
65 63 71 71 75 55 58 60 63 69 66 61 71 77 74
<task directions>
1 E
2 E
3 E
4 E
5 E
6 E
7 R
8 R
9 L
10 L
11 E
12 E
13 E
14 E
15 E
16 L
17 L
18 R
19 R
20 E
21 E
22 E
23 E
24 E
25 L
26 R
27 R
28 R
29 L
30 L
31 E
32 E
33 E
34 E
35 R
36 E
37 E
38 E
39 L
40 R
41 E
42 E
43 E
44 R
45 L
46 E
47 L
48 L
49 E
50 E
51 R
52 E
53 L
54 E
55 R
56 E
57 E
58 L
59 R
60 E
61 R
62 E
63 L
64 L
65 E
<precedence relations>
1,3
2,3
3,4
3,23
4,5
4,6
4,7
4,9
4,11
4,12
4,25
4,26
4,27
4,41
4,45
4,49
5,14
6,14
7,8
8,14
9,10
10,14
11,14
12,14
13,14
14,15
14,18
14,20
14,22
15,16
16,17
17,31
18,19
19,21
20,21
21,31
22,31
23,24
24,31
25,31
26,31
27,28
28,50
29,50
30,50
31,32
31,36
31,51
31,52
31,53
31,54
31,55
31,56
31,58
31,59
31,60
31,61
31,62
32,33
33,34
34,35
35,50
36,37
37,38
38,39
38,40
39,50
40,50
41,42
42,43
43,62
44,46
45,46
46,47
47,48
48,50
49,50
51,65
52,65
53,65
54,65
55,65
56,57
57,65
58,65
59,65
60,65
61,65
62,63
63,64
64,65
<end>