<number of tasks>
65
<number of mated-station>
4
<type of the robots>
8
<limit of the robots>
1 1
2 1
3 1
4 1
5 1
6 1
7 1
8 1
<task times>
1 39 51 51 51 55 57 56 46
2 54 41 48 40 55 43 49 42
3 78 85 63 67 60 75 85 58
4 22 22 24 28 30 31 25 25
5 45 48 41 50 41 43 38 42
6 26 35 34 31 29 26 33 35
7 138 181 159 194 145 146 134 148
8 79 89 105 80 76 100 93 90
9 43 53 47 46 59 55 60 61
10 182 164 128 174 168 170 128 177
11 79 59 55 81 73 81 61 77
12 52 54 47 44 45 59 50 50
13 110 136 148 115 119 150 117 130
14 58 54 54 56 63 56 49 47
15 62 63 59 56 61 66 52 49
16 181 140 138 161 156 132 176 175
17 31 31 44 36 35 38 39 45
18 215 198 194 220 222 161 228 201
19 38 31 29 34 29 37 36 31
20 137 107 100 109 106 102 128 115
21 32 35 40 29 32 36 39 27
22 44 32 39 41 36 42 33 30
23 118 116 121 88 86 91 84 104
24 88 100 92 99 85 71 99 92
25 98 118 111 118 117 120 122 108
26 74 84 79 68 62 67 61 83
27 67 64 63 68 61 53 68 54
28 305 231 302 281 286 261 253 258
29 102 82 84 95 76 105 96 100
30 57 43 39 55 42 57 52 41
31 11 9 11 11 13 11 13 12
32 50 52 37 48 37 36 37 48
33 56 48 59 46 53 44 64 51
34 105 127 109 113 106 103 123 90
35 157 111 120 141 140 139 119 143
36 51 56 49 51 59 44 47 55
37 128 161 174 179 135 185 154 172
38 89 111 106 100 131 123 113 95
39 30 34 37 27 37 30 32 32
40 31 38 26 27 26 32 28 27
41 55 49 62 47 43 58 59 44
42 160 156 164 160 163 188 195 226
43 38 29 33 28 28 28 38 27
44 30 37 33 30 28 40 28 39
45 113 116 82 79 109 80 108 99
46 35 31 41 39 30 36 38 39
47 23 20 25 24 22 22 23 21
48 75 71 90 89 96 88 89 101
49 28 31 28 23 25 27 25 27
50 42 41 59 40 57 41 58 41
51 45 38 45 49 42 46 51 39
52 42 53 40 37 48 49 44 46
53 61 55 50 56 61 63 52 64
54 127 107 100 96 109 133 107 140
55 53 39 49 52 48 43 39 51
56 192 160 179 142 185 140 133 159
57 121 109 91 114 120 110 120 116
58 65 72 60 73 82 65 62 58
59 27 33 32 30 33 30 27 26
60 20 21 24 26 20 27 28 23
61 126 96 101 122 102 111 113 102
62 22 27 22 20 25 25 19 20
63 138 109 120 101 109 97 120 96
64 140 129 140 167 161 148 142 148
65 64 71 66 63 58 58 69 64
<task directions>
1 E
2 E
3 E
4 E
5 E
6 E
7 R
8 R
9 L
10 L
11 E
12 E
13 E
14 E
15 E
16 L
17 L
18 R
19 R
20 E
21 E
22 E
23 E
24 E
25 L
26 R
27 R
28 R
29 L
30 L
31 E
32 E
33 E
34 E
35 R
36 E
37 E
38 E
39 L
40 R
41 E
42 E
43 E
44 R
45 L
46 E
47 L
48 L
49 E
50 E
51 R
52 E
53 L
54 E
55 R
56 E
57 E
58 L
59 R
60 E
61 R
62 E
63 L
64 L
65 E
<precedence relations>
1,3
2,3
3,4
3,23
4,5
4,6
4,7
4,9
4,11
4,12
4,25
4,26
4,27
4,41
4,45
4,49
5,14
6,14
7,8
8,14
9,10
10,14
11,14
12,14
13,14
14,15
14,18
14,20
14,22
15,16
16,17
17,31
18,19
19,21
20,21
21,31
22,31
23,24
24,31
25,31
26,31
27,28
28,50
29,50
30,50
31,32
31,36
31,51
31,52
31,53
31,54
31,55
31,56
31,58
31,59
31,60
31,61
31,62
32,33
33,34
34,35
35,50
36,37
37,38
38,39
38,40
39,50
40,50
41,42
42,43
43,62
44,46
45,46
46,47
47,48
48,50
49,50
51,65
52,65
53,65
54,65
55,65
56,57
57,65
58,65
59,65
60,65
61,65
62,63
63,64
64,65
<end>