<number of tasks>
65
<number of mated-station>
8
<type of the robots>
16
<limit of the robots>
1 1
2 1
3 1
4 1
5 1
6 1
7 1
8 1
9 1
10 1
11 1
12 1
13 1
14 1
15 1
16 1
<task times>
1 39 51 51 51 55 57 56 46 54 41 48 40 55 43 49 42
2 54 59 43 46 41 52 58 40 41 41 46 53 57 58 46 48
3 76 82 70 85 69 73 64 70 62 84 80 73 69 62 79 83
4 21 28 25 30 23 23 21 23 23 25 30 23 22 29 26 26
5 35 42 38 38 47 45 48 50 50 45 35 48 46 47 35 49
6 35 26 24 36 32 36 27 34 30 31 27 25 26 34 29 29
7 136 168 183 143 148 186 144 161 179 166 167 172 195 173 151 146
8 99 101 93 89 98 105 83 77 109 85 83 97 94 80 106 105
9 42 42 59 48 46 51 52 59 58 53 52 59 60 43 61 54
10 167 136 126 149 126 162 159 137 176 138 129 140 136 131 165 148
11 64 70 79 58 65 71 79 55 79 57 70 74 64 75 58 55
12 59 58 61 44 43 45 42 52 54 62 57 61 53 44 61 57
13 117 142 132 141 139 143 146 128 139 157 148 128 116 125 115 156
14 58 56 55 59 53 46 59 47 60 46 60 56 57 52 50 51
15 65 52 54 61 49 67 62 64 66 50 46 64 48 66 60 47
16 152 124 154 146 181 154 178 164 168 174 124 161 125 122 126 161
17 40 35 42 33 38 32 46 37 39 47 40 42 39 38 45 33
18 231 163 176 208 206 204 175 211 191 207 182 190 218 163 175 205
19 29 36 39 40 30 41 34 38 29 36 34 32 42 40 36 30
20 112 126 136 102 136 113 121 120 116 140 97 100 99 119 103 101
21 36 32 40 30 28 38 38 29 28 28 29 28 29 33 34 40
22 43 33 37 31 32 32 43 31 34 41 37 34 32 45 32 44
23 121 125 88 85 116 86 116 106 99 88 116 109 84 100 107 109
24 78 67 85 80 73 73 77 70 71 67 85 84 91 83 84 96
25 115 131 118 95 105 111 105 112 95 92 134 91 130 94 130 92
26 70 60 70 77 66 72 80 61 66 84 63 58 76 77 69 71
27 68 62 56 63 68 71 59 72 66 56 53 50 57 70 56 74
28 304 227 283 298 279 249 224 295 319 265 296 236 307 233 221 264
29 95 86 71 90 94 86 95 92 83 93 77 94 105 84 80 75
30 45 55 53 49 54 49 44 43 40 41 47 50 39 53 55 45
31 13 10 11 13 11 12 12 11 11 13 10 9 12 12 9 9
32 53 42 46 38 42 37 46 37 41 37 41 48 47 43 41 43
33 53 59 55 53 48 48 58 53 59 52 59 52 45 49 62 50
34 107 111 109 93 120 109 111 97 97 115 125 115 111 111 95 121
35 151 139 147 115 117 110 133 123 143 138 113 148 127 124 113 124
36 49 59 62 49 46 47 50 53 45 56 60 42 44 42 43 45
37 166 140 162 155 126 141 182 153 167 141 148 163 165 172 167 165
38 97 127 110 118 95 97 111 111 128 115 117 89 103 107 122 108
39 31 38 36 38 38 30 33 34 26 28 31 34 31 32 33 31
40 35 34 38 27 33 28 38 28 29 37 37 35 27 28 31 33
41 43 45 52 48 46 42 46 45 47 57 42 56 48 62 42 55
42 168 214 222 204 193 215 219 218 206 207 194 217 161 169 216 224
43 31 28 29 40 40 29 32 34 32 32 33 40 36 32 34 38
44 40 31 29 34 28 30 28 41 33 33 39 40 36 35 27 27
45 98 105 112 87 100 115 83 82 89 103 94 101 87 99 111 99
46 30 35 43 33 43 40 44 34 32 34 33 35 31 42 34 42
47 24 24 27 25 27 28 24 22 24 27 24 28 21 25 21 30
48 97 94 100 85 74 106 85 74 81 75 99 81 76 87 88 81
49 28 31 31 30 27 26 22 26 25 27 30 23 28 28 24 23
50 48 57 43 40 46 49 50 44 51 43 60 44 47 48 44 55
51 39 40 46 38 51 51 45 44 52 54 55 52 38 40 41 50
52 52 40 43 42 38 51 49 44 49 44 46 52 37 46 37 52
53 55 50 46 58 56 46 46 59 47 54 63 56 47 44 59 50
54 128 118 97 126 141 128 100 110 106 108 121 116 125 118 102 97
55 55 45 45 45 51 49 44 44 47 53 48 44 39 41 48 48
56 134 182 136 135 182 132 151 149 153 145 132 134 186 185 195 191
57 109 123 123 131 96 101 105 109 121 115 106 123 134 128 134 93
58 76 73 83 69 69 67 72 58 60 64 74 66 60 69 76 72
59 34 31 26 30 36 31 29 28 27 27 24 32 30 31 33 25
60 21 30 26 28 26 23 20 25 20 22 21 22 21 25 25 26
61 107 103 97 105 117 93 127 107 106 92 107 106 95 125 103 99
62 18 21 20 26 21 23 23 21 26 25 23 24 19 20 22 27
63 102 125 133 103 102 119 119 97 126 112 126 140 111 99 104 128
64 178 182 134 141 181 185 145 150 155 181 166 156 144 130 153 153
65 59 78 57 76 55 75 57 54 61 62 77 54 75 59 59 69
<task directions>
1 E
2 E
3 E
4 E
5 E
6 E
7 R
8 R
9 L
10 L
11 E
12 E
13 E
14 E
15 E
16 L
17 L
18 R
19 R
20 E
21 E
22 E
23 E
24 E
25 L
26 R
27 R
28 R
29 L
30 L
31 E
32 E
33 E
34 E
35 R
36 E
37 E
38 E
39 L
40 R
41 E
42 E
43 E
44 R
45 L
46 E
47 L
48 L
49 E
50 E
51 R
52 E
53 L
54 E
55 R
56 E
57 E
58 L
59 R
60 E
61 R
62 E
63 L
64 L
65 E
<precedence relations>
1,3
2,3
3,4
3,23
4,5
4,6
4,7
4,9
4,11
4,12
4,25
4,26
4,27
4,41
4,45
4,49
5,14
6,14
7,8
8,14
9,10
10,14
11,14
12,14
13,14
14,15
14,18
14,20
14,22
15,16
16,17
17,31
18,19
19,21
20,21
21,31
22,31
23,24
24,31
25,31
26,31
27,28
28,50
29,50
30,50
31,32
31,36
31,51
31,52
31,53
31,54
31,55
31,56
31,58
31,59
31,60
31,61
31,62
32,33
33,34
34,35
35,50
36,37
37,38
38,39
38,40
39,50
40,50
41,42
42,43
43,62
44,46
45,46
46,47
47,48
48,50
49,50
51,65
52,65
53,65
54,65
55,65
56,57
57,65
58,65
59,65
60,65
61,65
62,63
63,64
64,65
<end>